rank,country/territory,player,change_+/-,win/lose,prize_money,points/tmts,link,member_id
1,CHN / CHN,"ZHENG Si Wei, CHEN Qing Chen",0,46 - 7,"$375,583.74","92,737 / 18","https://bwfbadminton.com/player/83046/zheng-si-wei,https://bwfbadminton.com/player/94125/chen-qing-chen","83046, 94125"
2,CHN / CHN,"LU Kai, HUANG Ya Qiong",0,87 - 36,"$397,403.73","82,955 / 15","https://bwfbadminton.com/player/28549/lu-kai,https://bwfbadminton.com/player/63168/huang-ya-qiong","28549, 63168"
3,INA / INA,"Tontowi AHMAD, Liliyana NATSIR",0,235 - 65,"$944,272.49","70,030 / 10","https://bwfbadminton.com/player/54267/tontowi-ahmad,https://bwfbadminton.com/player/14727/liliyana-natsir","54267, 14727"
4,CHN / CHN,"ZHANG Nan, LI Yin Hui",0,0 - 0,"$644,081.25","67,220 / 12","https://bwfbadminton.com/player/35357/zhang-nan,https://bwfbadminton.com/player/82249/li-yin-hui","35357, 82249"
5,ENG / ENG,"Chris ADCOCK, Gabrielle ADCOCK",0,161 - 98,"$373,093.51","66,462 / 17","https://bwfbadminton.com/player/70333/chris-adcock,https://bwfbadminton.com/player/62844/gabrielle-adcock","70333, 62844"
6,DEN / DEN,"Joachim FISCHER NIELSEN, Christinna PEDERSEN",0,256 - 79,"$838,732.73","65,474 / 15","https://bwfbadminton.com/player/10513/joachim-fischer-nielsen,https://bwfbadminton.com/player/53759/christinna-pedersen","10513, 53759"
7,INA / INA,"Praveen JORDAN, Debby SUSANTO",0,85 - 45,"$282,793.09","64,865 / 14","https://bwfbadminton.com/player/89916/praveen-jordan,https://bwfbadminton.com/player/4425/debby-susanto","89916, 4425"
8,THA / THA,"Dechapol PUAVARANUKROH, Sapsiree TAERATTANACHAI",0,23 - 13,"$72,060.00","61,999 / 17","https://bwfbadminton.com/player/61731/dechapol-puavaranukroh,https://bwfbadminton.com/player/67158/sapsiree-taerattanachai","61731, 67158"
9,KOR / KOR,"KO Sung Hyun, KIM Ha Na",0,127 - 50,"$521,752.49","60,420 / 9","https://bwfbadminton.com/player/88094/ko-sung-hyun,https://bwfbadminton.com/player/73982/kim-ha-na","88094, 73982"
10,MAS / MAS,"TAN Kian Meng, LAI Pei Jing",0,22 - 11,"$78,863.09","57,840 / 17","https://bwfbadminton.com/player/67654/tan-kian-meng,https://bwfbadminton.com/player/47007/lai-pei-jing","67654, 47007"
11,MAS / MAS,"CHAN Peng Soon, GOH Liu Ying",0,184 - 106,"$281,790.61","55,680 / 12","https://bwfbadminton.com/player/53142/chan-peng-soon,https://bwfbadminton.com/player/53159/goh-liu-ying","53142, 53159"
12,HKG / HKG,"LEE Chun Hei Reginald, CHAU Hoi Wah",0,98 - 63,"$192,718.34","51,192 / 18","https://bwfbadminton.com/player/92609/lee-chun-hei-reginald,https://bwfbadminton.com/player/55285/chau-hoi-wah","92609, 55285"
13,KOR / KOR,"CHOI SolGyu, CHAE YuJung",0,33 - 16,"$93,920.00","48,496 / 16","https://bwfbadminton.com/player/67810/choi-solgyu,https://bwfbadminton.com/player/93074/chae-yujung","67810, 93074"
14,JPN / JPN,"Kenta KAZUNO, Ayane KURIHARA",0,35 - 26,"$53,733.10","46,499 / 18","https://bwfbadminton.com/player/53161/kenta-kazuno,https://bwfbadminton.com/player/89285/ayane-kurihara","53161, 89285"
15,HKG / HKG,"TANG Chun Man, TSE Ying Suet",+2,0 - 2,"$50,259.24","45,168 / 12","https://bwfbadminton.com/player/77689/tang-chun-man,https://bwfbadminton.com/player/61435/tse-ying-suet","77689, 61435"
16,CHN / CHN,"WANG Yi Lyu, HUANG Dong Ping",+7,0 - 0,"$67,148.13","45,050 / 9","https://bwfbadminton.com/player/99452/wang-yi-lyu,https://bwfbadminton.com/player/89426/huang-dong-ping","99452, 89426"
17,DEN / DEN,"Mathias CHRISTIANSEN, Sara THYGESEN",-2,0 - 0,"$32,383.00","43,977 / 16","https://bwfbadminton.com/player/99521/mathias-christiansen,https://bwfbadminton.com/player/68189/sara-thygesen","99521, 68189"
18,IND / IND,"Pranaav Jerry CHOPRA, REDDY N. Sikki",-2,15 - 12,"$32,857.46","43,744 / 13","https://bwfbadminton.com/player/57839/pranaav-jerry-chopra,https://bwfbadminton.com/player/17515/reddy-n-sikki","57839, 17515"
19,SGP / SGP,"HEE Yong Kai Terry, TAN Wei Han",-1,44 - 19,"$29,988.87","42,112 / 19","https://bwfbadminton.com/player/99181/hee-yong-kai-terry,https://bwfbadminton.com/player/59237/tan-wei-han","99181, 59237"
20,JPN / JPN,"Yuta WATANABE, Arisa HIGASHINO",-1,19 - 6,"$22,410.62","40,216 / 15","https://bwfbadminton.com/player/58240/yuta-watanabe,https://bwfbadminton.com/player/79558/arisa-higashino","58240, 79558"
21,THA / THA,"Bodin ISARA, Savitree AMITRAPAI",-1,38 - 15,"$49,423.57","39,992 / 15","https://bwfbadminton.com/player/75983/bodin-isara,https://bwfbadminton.com/player/53582/savitree-amitrapai","75983, 53582"
22,MAS / MAS,"GOH Soon Huat, LAI Shevon Jemie",-1,0 - 0,"$20,911.29","39,932 / 9","https://bwfbadminton.com/player/92593/goh-soon-huat,https://bwfbadminton.com/player/56352/lai-shevon-jemie","92593, 56352"
23,POL / POL,"Robert MATEUSIAK, Nadiezda ZIEBA",-1,249 - 95,"$196,590.75","39,270 / 10","https://bwfbadminton.com/player/4253/robert-mateusiak,https://bwfbadminton.com/player/50054/nadiezda-zieba","4253, 50054"
24,RUS / RUS,"Evgenij DREMIN, Evgenia DIMOVA",0,66 - 49,"$29,649.23","36,280 / 12","https://bwfbadminton.com/player/11606/evgenij-dremin,https://bwfbadminton.com/player/53676/evgenia-dimova","11606, 53676"
25,INA / INA,"Hafiz FAIZAL, Shela Devi AULIA",0,39 - 22,"$14,853.74","35,350 / 13","https://bwfbadminton.com/player/12557/hafiz-faizal,https://bwfbadminton.com/player/92215/shela-devi-aulia","12557, 92215"
26,TPE / TPE,"LU Ching Yao, CHIANG Kai Hsin",+3,2 - 3,"$7,091.21","33,360 / 13","https://bwfbadminton.com/player/56746/lu-ching-yao,https://bwfbadminton.com/player/84929/chiang-kai-hsin","56746, 84929"
27,TPE / TPE,"WANG Chi-Lin, LEE Chia Hsin",-1,7 - 7,"$12,881.85","33,316 / 15","https://bwfbadminton.com/player/96514/wang-chi-lin,https://bwfbadminton.com/player/76717/lee-chia-hsin","96514, 76717"
28,INA / INA,"Ronald RONALD, Melati Daeva OKTAVIANTI",-1,53 - 32,"$43,423.60","33,280 / 13","https://bwfbadminton.com/player/54280/ronald-ronald,https://bwfbadminton.com/player/82061/melati-daeva-oktavianti","54280, 82061"
29,INA / INA,"Alfian Eko PRASETYA, Annisa SAUFIKA",-1,40 - 22,"$40,523.07","32,450 / 13","https://bwfbadminton.com/player/94598/alfian-eko-prasetya,https://bwfbadminton.com/player/75853/annisa-saufika","94598, 75853"
30,IRL / IRL,"Sam MAGEE, Chloe MAGEE",0,121 - 90,"$24,919.48","32,087 / 14","https://bwfbadminton.com/player/35374/sam-magee,https://bwfbadminton.com/player/89666/chloe-magee","35374, 89666"
31,GER / GER,"Mark LAMSFUSS, Isabel HERTTRICH",0,21 - 14,"$21,056.23","31,511 / 14","https://bwfbadminton.com/player/68045/mark-lamsfuss,https://bwfbadminton.com/player/98052/isabel-herttrich","68045, 98052"
32,TPE / TPE,"LEE Yang, HSU Ya Ching",+2,0 - 0,"$8,551.24","31,060 / 14","https://bwfbadminton.com/player/69448/lee-yang,https://bwfbadminton.com/player/74561/hsu-ya-ching","69448, 74561"
33,SWE /  / SWE,"Nico RUPONEN, Amanda HOGSTROM",-1,51 - 52,"$13,121.75","30,876 / 14","https://bwfbadminton.com/player/90714/nico-ruponen,https://bwfbadminton.com/player/42703/amanda-hogstrom","90714, 42703"
34,THA / THA,"Nipitphon PHUANGPHUAPET, Jongkolphan KITITHARAKUL",-1,3 - 3,"$16,852.45","30,596 / 16","https://bwfbadminton.com/player/30342/nipitphon-phuangphuapet,https://bwfbadminton.com/player/24686/jongkolphan-kititharakul","30342, 24686"
35,INA / INA,"Irfan FADHILAH, Weni ANGGRAINI",0,78 - 58,"$43,221.24","29,580 / 10","https://bwfbadminton.com/player/33261/irfan-fadhilah,https://bwfbadminton.com/player/88699/weni-anggraini","33261, 88699"
36,FRA / FRA,"Ronan LABAR, Audrey MITTELHEISSER",0,1 - 2,"$17,851.39","29,281 / 14","https://bwfbadminton.com/player/22038/ronan-labar,https://bwfbadminton.com/player/68480/audrey-mittelheisser","22038, 68480"
37,TPE / TPE,"LIN Chia Yu, WU Ti Jung",0,17 - 18,"$9,784.85","29,160 / 13","https://bwfbadminton.com/player/66194/lin-chia-yu,https://bwfbadminton.com/player/95143/wu-ti-jung","66194, 95143"
38,TPE / TPE,"CHANG Ko-Chi, CHANG Hsin Tien",0,20 - 24,"$9,091.86","28,340 / 16","https://bwfbadminton.com/player/68681/chang-ko-chi,https://bwfbadminton.com/player/87726/chang-hsin-tien","68681, 87726"
39,MAS / IND,"KHRISHNAN Yogendran, Prajakta SAWANT",0,9 - 7,"$7,046.11","24,650 / 12","https://bwfbadminton.com/player/12377/khrishnan-yogendran,https://bwfbadminton.com/player/28248/prajakta-sawant","12377, 28248"
40,DEN / DEN,"Soren GRAVHOLT, Maiken FRUERGAARD",0,20 - 14,"$5,071.25","24,300 / 11","https://bwfbadminton.com/player/18267/soren-gravholt,https://bwfbadminton.com/player/70042/maiken-fruergaard","18267, 70042"
41,CAN / CAN,"Toby NG, Rachel HONDERICH",0,3 - 2,"$18,523.10","24,040 / 8","https://bwfbadminton.com/player/53930/toby-ng,https://bwfbadminton.com/player/95664/rachel-honderich","53930, 95664"
42,KOR / KOR,"KIM Gi Jung, SHIN Seungchan",0,19 - 27,"$55,390.60","24,040 / 6","https://bwfbadminton.com/player/39276/kim-gi-jung,https://bwfbadminton.com/player/87473/shin-seungchan","39276, 87473"
43,NED / NED,"Robin TABELING, Cheryl SEINEN",0,0 - 0,"$4,925.86","23,307 / 12","https://bwfbadminton.com/player/66357/robin-tabeling,https://bwfbadminton.com/player/70503/cheryl-seinen","66357, 70503"
44,HKG / HKG,"TAM Chun Hei, NG Tsz Yau",0,4 - 2,"$5,515.62","23,290 / 8","https://bwfbadminton.com/player/30163/tam-chun-hei,https://bwfbadminton.com/player/61986/ng-tsz-yau","30163, 61986"
45,DEN / DEN,"Mikkel MIKKELSEN, Mai SURROW",0,14 - 2,"$11,302.00","22,940 / 10","https://bwfbadminton.com/player/76031/mikkel-mikkelsen,https://bwfbadminton.com/player/64816/mai-surrow","76031, 64816"
46,ENG / ENG,"Ben LANE, Jessica PUGH",0,32 - 18,"$3,733.26","22,240 / 13","https://bwfbadminton.com/player/76278/ben-lane,https://bwfbadminton.com/player/77018/jessica-pugh","76278, 77018"
47,TPE / TPE,"TSENG Min Hao, HU Ling Fang",0,0 - 0,"$11,345.73","22,210 / 7","https://bwfbadminton.com/player/71729/tseng-min-hao,https://bwfbadminton.com/player/87176/hu-ling-fang","71729, 87176"
48,VIE / VIE,"Tuan Duc DO, Nhu Thao PHAM",0,30 - 15,"$7,426.63","22,011 / 10","https://bwfbadminton.com/player/50748/tuan-duc-do,https://bwfbadminton.com/player/40278/nhu-thao-pham","50748, 40278"
49,AUS / AUS,"Sawan SERASINGHE, Setyana MAPASA",+5,37 - 16,"$3,998.88","21,989 / 8","https://bwfbadminton.com/player/75157/sawan-serasinghe,https://bwfbadminton.com/player/77441/setyana-mapasa","75157, 77441"
50,INA / INA,"Yantoni Edy SAPUTRA, Marsheilla Gischa ISLAMI",-1,8 - 3,"$3,679.36","21,290 / 11","https://bwfbadminton.com/player/96005/yantoni-edy-saputra,https://bwfbadminton.com/player/96862/marsheilla-gischa-islami","96005, 96862"
51,INA / INA,"Lukhi Apri NUGROHO, Ririn AMELIA",-1,7 - 6,"$7,784.34","21,130 / 12","https://bwfbadminton.com/player/58661/lukhi-apri-nugroho,https://bwfbadminton.com/player/88747/ririn-amelia","58661, 88747"
52,FIN / FIN,"Anton KAISTI, Jenny NYSTROM",-1,26 - 21,"$8,600.00","21,000 / 11","https://bwfbadminton.com/player/83131/anton-kaisti,https://bwfbadminton.com/player/64110/jenny-nystrom","83131, 64110"
53,IND / IND,"REDDY B. Sumeeth, Ashwini PONNAPPA",-1,0 - 0,"$15,650.00","20,620 / 7","https://bwfbadminton.com/player/24172/reddy-b-sumeeth,https://bwfbadminton.com/player/49765/ashwini-ponnappa","24172, 49765"
54,POL / POL,"Pawel PIETRYJA, Aneta WOJTKOWSKA",-1,45 - 27,"$2,367.24","20,110 / 13","https://bwfbadminton.com/player/58415/pawel-pietryja,https://bwfbadminton.com/player/67908/aneta-wojtkowska","58415, 67908"
55,FRA / FRA,"Bastian KERSAUDY, Lea PALERMO",0,40 - 32,"$2,378.10","19,683 / 9","https://bwfbadminton.com/player/96121/bastian-kersaudy,https://bwfbadminton.com/player/98329/lea-palermo","96121, 98329"
56,FRA / FRA,"Jordan CORVEE, Anne TRAN",0,13 - 10,"$2,919.49","19,180 / 12","https://bwfbadminton.com/player/88804/jordan-corvee,https://bwfbadminton.com/player/98854/anne-tran","88804, 98854"
57,GER / GER,"Marvin SEIDEL, Linda EFLER",0,33 - 23,"$4,126.00","18,930 / 8","https://bwfbadminton.com/player/64909/marvin-seidel,https://bwfbadminton.com/player/83942/linda-efler","64909, 83942"
58,DEN / DEN,"Kim ASTRUP, Line Højmark KJAERSFELDT",0,30 - 14,"$23,014.50","18,560 / 5","https://bwfbadminton.com/player/92980/kim-astrup,https://bwfbadminton.com/player/63437/line-hojmark-kjaersfeldt","92980, 63437"
59,ENG / ENG,"Gregory MAIRS, Jenny MOORE",0,27 - 24,"$1,844.24","18,430 / 13","https://bwfbadminton.com/player/58180/gregory-mairs,https://bwfbadminton.com/player/89068/jenny-moore","58180, 89068"
60,USA /  / USA,"Yan Tuck CHAN, Yuko KAWASAKI",0,0 - 5,$515.62,"18,410 / 10","https://bwfbadminton.com/player/68041/yan-tuck-chan,https://bwfbadminton.com/player/56512/yuko-kawasaki","68041, 56512"
61,NED / NED,"Ruben JILLE, Iris TABELING",0,11 - 9,"$2,893.25","18,360 / 12","https://bwfbadminton.com/player/93858/ruben-jille,https://bwfbadminton.com/player/47517/iris-tabeling","93858, 47517"
62,TPE / TPE,"LIAO Min Chun, CHEN Hsiao Huan",0,55 - 69,"$27,878.72","18,330 / 6","https://bwfbadminton.com/player/53230/liao-min-chun,https://bwfbadminton.com/player/51518/chen-hsiao-huan","53230, 51518"
63,CZE / CZE,"Jakub BITMAN, Alžběta BÁŠOVÁ",0,61 - 60,"$1,450.50","18,265 / 16","https://bwfbadminton.com/player/54443/jakub-bitman,https://bwfbadminton.com/player/39172/al%C5%BEb%C4%9Bta-ba%C5%A0ova","54443, 39172"
64,SUI / SUI,"Oliver SCHALLER, Celine BURKART",0,20 - 31,"$1,250.40","17,723 / 15","https://bwfbadminton.com/player/94367/oliver-schaller,https://bwfbadminton.com/player/79680/celine-burkart","94367, 79680"
65,DEN / DEN,"Mathias BAY-SMIDT, Alexandra BØJE",0,0 - 0,"$2,334.50","17,310 / 8","https://bwfbadminton.com/player/83680/mathias-bay-smidt,https://bwfbadminton.com/player/88779/alexandra-b%C3%98je","83680, 88779"
66,RUS / RUS,"Anatoliy YARTSEV, Evgeniya KOSETSKAYA",0,55 - 37,"$7,067.99","16,580 / 6","https://bwfbadminton.com/player/60783/anatoliy-yartsev,https://bwfbadminton.com/player/92400/evgeniya-kosetskaya","60783, 92400"
67,EGY / EGY,"Ahmed SALAH, Menna ELTANANY",0,13 - 12,"$1,691.73","16,456 / 7","https://bwfbadminton.com/player/55949/ahmed-salah,https://bwfbadminton.com/player/94632/menna-eltanany","55949, 94632"
68,JPN / JPN,"Tomoya TAKASHINA, Rie ETOH",0,4 - 3,"$5,194.36","16,390 / 7","https://bwfbadminton.com/player/56759/tomoya-takashina,https://bwfbadminton.com/player/30221/rie-etoh","56759, 30221"
69,INA / INA,"Edi SUBAKTIAR, Gloria Emanuelle WIDJAJA",0,59 - 42,"$60,175.36","16,191 / 5","https://bwfbadminton.com/player/77978/edi-subaktiar,https://bwfbadminton.com/player/81702/gloria-emanuelle-widjaja","77978, 81702"
70,GER / GER,"Raphael BECK, Carla NYENHUIS",0,0 - 0,"$9,562.13","16,070 / 9","https://bwfbadminton.com/player/61139/raphael-beck,https://bwfbadminton.com/player/61184/carla-nyenhuis","61139, 61184"
71,IND / IND,"Satwiksairaj RANKIREDDY, MANEESHA K",0,13 - 4,"$6,021.98","15,900 / 9","https://bwfbadminton.com/player/72435/satwiksairaj-rankireddy,https://bwfbadminton.com/player/56836/maneesha-k","72435, 56836"
72,THA / THA,"Tinn ISRIYANET, Pacharapun CHOCHUWONG",0,8 - 4,"$2,489.66","15,790 / 8","https://bwfbadminton.com/player/96699/tinn-isriyanet,https://bwfbadminton.com/player/94446/pacharapun-chochuwong","96699, 94446"
73,NED / NED,"Jacco ARENDS, Selena PIEK",0,100 - 71,"$47,454.49","15,190 / 5","https://bwfbadminton.com/player/67175/jacco-arends,https://bwfbadminton.com/player/67176/selena-piek","67175, 67176"
74,RUS / RUS,"Rodion ALIMOV, Alina DAVLETOVA",0,1 - 4,"$2,552.76","14,970 / 8","https://bwfbadminton.com/player/99484/rodion-alimov,https://bwfbadminton.com/player/72565/alina-davletova","99484, 72565"
75,THA / THA,"Parinyawat THONGNUAM, Natcha SAENGCHOTE",0,5 - 8,"$1,594.34","14,950 / 9","https://bwfbadminton.com/player/73786/parinyawat-thongnuam,https://bwfbadminton.com/player/74490/natcha-saengchote","73786, 74490"
76,FRA / FRA,"Thom GICQUEL, Delphine DELRUE",0,0 - 0,$400.20,"14,800 / 9","https://bwfbadminton.com/player/68544/thom-gicquel,https://bwfbadminton.com/player/70762/delphine-delrue","68544, 70762"
77,FRA / FRA,"Gaetan MITTELHEISSER, Emilie LEFEL",0,19 - 15,"$15,593.86","14,690 / 6","https://bwfbadminton.com/player/94817/gaetan-mittelheisser,https://bwfbadminton.com/player/54079/emilie-lefel","94817, 54079"
78,KOR / KOR,"YOO Yeon Seong, CHANG Ye Na",0,67 - 44,"$143,476.86","14,690 / 3","https://bwfbadminton.com/player/52273/yoo-yeon-seong,https://bwfbadminton.com/player/54361/chang-ye-na","52273, 54361"
79,IND / IND,"Juhi DEWANGAN, Venkat Gaurav PRASAD",0,5 - 23,"$4,957.98","14,160 / 7","https://bwfbadminton.com/player/67854/juhi-dewangan,https://bwfbadminton.com/player/78600/venkat-gaurav-prasad","67854, 78600"
80,INA / INA,"Yehezkiel Fritz MAINAKY, Lyanny Alessandra MAINAKY",+12,0 - 14,$450.00,"13,810 / 10","https://bwfbadminton.com/player/68050/yehezkiel-fritz-mainaky,https://bwfbadminton.com/player/64558/lyanny-alessandra-mainaky","68050, 64558"
81,CAN / CAN,"Nyl YAKURA, Brittney TAM",-1,14 - 13,"$2,016.23","13,615 / 6","https://bwfbadminton.com/player/25322/nyl-yakura,https://bwfbadminton.com/player/97087/brittney-tam","25322, 97087"
82,CHN / CHN,"HE Ji Ting, DU Yue",-1,12 - 6,"$16,719.38","13,570 / 3","https://bwfbadminton.com/player/59673/he-ji-ting,https://bwfbadminton.com/player/65984/du-yue","59673, 65984"
83,NED / NED,"Imke VAN DER AAR, Jelle MAAS",-1,1 - 1,"$3,119.99","13,430 / 8","https://bwfbadminton.com/player/89732/imke-van-der-aar,https://bwfbadminton.com/player/93455/jelle-maas","89732, 93455"
84,SGP / SGP,"Bimo Adi PRAKOSO, Yujia JIN",-1,0 - 0,$460.24,"13,280 / 9","https://bwfbadminton.com/player/83467/bimo-adi-prakoso,https://bwfbadminton.com/player/73013/yujia-jin","83467, 73013"
85,MAS / MAS,"HOO Pang Ron, PECK Yen Wei",-1,0 - 0,"$1,035.00","13,260 / 9","https://bwfbadminton.com/player/72675/hoo-pang-ron,https://bwfbadminton.com/player/64966/peck-yen-wei","72675, 64966"
86,SGP / SGP,"Danny Bawa CHRISNANTA, WONG Jia Ying Crystal",-1,0 - 0,"$37,690.67","12,870 / 6","https://bwfbadminton.com/player/66920/danny-bawa-chrisnanta,https://bwfbadminton.com/player/59275/wong-jia-ying-crystal","66920, 59275"
87,JPN / JPN,"Yugo KOBAYASHI, Misaki MATSUTOMO",+51,0 - 0,"$29,094.36","12,240 / 3","https://bwfbadminton.com/player/67903/yugo-kobayashi,https://bwfbadminton.com/player/43851/misaki-matsutomo","67903, 43851"
88,INA / INA,"Riky WIDIANTO, Gloria Emanuelle WIDJAJA",-2,3 - 1,"$93,067.21","12,090 / 4","https://bwfbadminton.com/player/54175/riky-widianto,https://bwfbadminton.com/player/81702/gloria-emanuelle-widjaja","54175, 81702"
89,KOR / KOR,"KIM Jaehwan, LEE Sohee",-2,0 - 0,"$11,246.49","12,080 / 4","https://bwfbadminton.com/player/77618/kim-jaehwan,https://bwfbadminton.com/player/91292/lee-sohee","77618, 91292"
90,ENG / ENG,"Matthew NOTTINGHAM, Emily WESTWOOD",-2,40 - 25,"$7,188.12","12,040 / 5","https://bwfbadminton.com/player/92632/matthew-nottingham,https://bwfbadminton.com/player/94149/emily-westwood","92632, 94149"
91,GER / GER,"Jones Ralfy JANSEN, Franziska VOLKMANN",-2,0 - 0,"$3,131.99","11,870 / 9","https://bwfbadminton.com/player/88726/jones-ralfy-jansen,https://bwfbadminton.com/player/61615/franziska-volkmann","88726, 61615"
92,AUS / AUS,"Robin MIDDLETON, Leanne CHOO",-2,44 - 23,"$12,738.49","11,750 / 3","https://bwfbadminton.com/player/51623/robin-middleton,https://bwfbadminton.com/player/33833/leanne-choo","51623, 33833"
93,MAS / MAS,"LOW Hang Yee, CHEAH Yee See",-2,0 - 0,$336.87,"11,650 / 8","https://bwfbadminton.com/player/61834/low-hang-yee,https://bwfbadminton.com/player/58879/cheah-yee-see","61834, 58879"
94,ENG / ENG,"Marcus ELLIS, Lauren SMITH",-1,0 - 0,"$15,024.39","11,570 / 5","https://bwfbadminton.com/player/71349/marcus-ellis,https://bwfbadminton.com/player/80918/lauren-smith","71349, 80918"
95,IND / IND,"Rohan KAPOOR, SANJANA SANTOSH",-1,0 - 0,$695.00,"11,550 / 7","https://bwfbadminton.com/player/60980/rohan-kapoor,https://bwfbadminton.com/player/83690/sanjana-santosh","60980, 83690"
96,INA / INA,"Tontowi AHMAD, Gloria Emanuelle WIDJAJA",-1,0 - 0,"$439,838.61","11,430 / 3","https://bwfbadminton.com/player/54267/tontowi-ahmad,https://bwfbadminton.com/player/81702/gloria-emanuelle-widjaja","54267, 81702"
97,KOR / KOR,"KIM Dae Eun, GO Ah Ra",-1,12 - 9,"$11,230.60","11,300 / 3","https://bwfbadminton.com/player/80775/kim-dae-eun,https://bwfbadminton.com/player/35131/go-ah-ra","80775, 35131"
98,DEN / DEN,"Alexander BOND, Ditte SØBY",-1,18 - 9,"$4,167.24","11,210 / 5","https://bwfbadminton.com/player/58320/alexander-bond,https://bwfbadminton.com/player/86761/ditte-s%C3%98by","58320, 86761"
99,KOR / KOR,"CHUNG Eui Seok, YOO Chae Ran",-1,0 - 0,"$11,508.73","11,110 / 3","https://bwfbadminton.com/player/99472/chung-eui-seok,https://bwfbadminton.com/player/79061/yoo-chae-ran","99472, 79061"
100,INA / INA,"Fachryza ABIMANYU, Bunga Fitriani ROMADHINI",-1,0 - 0,$101.87,"11,080 / 5","https://bwfbadminton.com/player/69011/fachryza-abimanyu,https://bwfbadminton.com/player/82937/bunga-fitriani-romadhini","69011, 82937"
101,PER / PER,"Mario CUBA, Katherine WINDER",-1,73 - 28,"$7,739.51","10,350 / 3","https://bwfbadminton.com/player/54555/mario-cuba,https://bwfbadminton.com/player/54561/katherine-winder","54555, 54561"
102,RUS / RUS,"Alexandr ZINCHENKO, Olga MOROZOVA",-1,35 - 20,"$2,830.01","10,260 / 6","https://bwfbadminton.com/player/65143/alexandr-zinchenko,https://bwfbadminton.com/player/85822/olga-morozova","65143, 85822"
103,JPN / JPN,"Ryota TAOHATA, Koharu YONEMOTO",-1,9 - 5,"$16,025.58","10,200 / 3","https://bwfbadminton.com/player/36009/ryota-taohata,https://bwfbadminton.com/player/26238/koharu-yonemoto","36009, 26238"
104,IND / IND,"Vighnesh DEVLEKAR, Kuhoo GARG",-1,0 - 0,$450.00,"9,700 / 6","https://bwfbadminton.com/player/63843/vighnesh-devlekar,https://bwfbadminton.com/player/87012/kuhoo-garg","63843, 87012"
105,SCO / SCO,"Martin CAMPBELL, Julie MACPHERSON",-1,1 - 1,"$1,187.50","9,515 / 5","https://bwfbadminton.com/player/42181/martin-campbell,https://bwfbadminton.com/player/91715/julie-macpherson","42181, 91715"
106,PHI / PHI,"Alvin MORADA, Alyssa Yasbel LEONARDO",-1,1 - 3,$404.38,"9,340 / 4","https://bwfbadminton.com/player/56754/alvin-morada,https://bwfbadminton.com/player/57165/alyssa-yasbel-leonardo","56754, 57165"
107,CHN / CHN,"HUANG Kai Xiang, LI Yin Hui",-1,0 - 0,"$63,665.62","9,230 / 3","https://bwfbadminton.com/player/83797/huang-kai-xiang,https://bwfbadminton.com/player/82249/li-yin-hui","83797, 82249"
108,JPN / JPN,"Yugo KOBAYASHI, Wakana NAGAHARA",-1,5 - 0,"$11,608.12","9,220 / 2","https://bwfbadminton.com/player/67903/yugo-kobayashi,https://bwfbadminton.com/player/77832/wakana-nagahara","67903, 77832"
109,INA / INA,"Afiat Yuris WIRAWAN, Nadya MELATI",-1,1 - 2,"$4,066.86","9,190 / 5","https://bwfbadminton.com/player/66919/afiat-yuris-wirawan,https://bwfbadminton.com/player/52733/nadya-melati","66919, 52733"
110,KOR / KOR,"KIM DukYoung, KIM Hyerin",-1,1 - 3,"$10,753.74","9,160 / 4","https://bwfbadminton.com/player/93611/kim-dukyoung,https://bwfbadminton.com/player/57824/kim-hyerin","93611, 57824"
111,KOR / KOR,"KIM DukYoung, KIM Ha Na",+266,0 - 0,"$250,528.74","9,080 / 2","https://bwfbadminton.com/player/93611/kim-dukyoung,https://bwfbadminton.com/player/73982/kim-ha-na","93611, 73982"
112,GER / GER,"Johannes PISTORIUS, Barbara BELLENBERG",-2,0 - 0,$591.24,"9,040 / 8","https://bwfbadminton.com/player/55753/johannes-pistorius,https://bwfbadminton.com/player/96716/barbara-bellenberg","55753, 96716"
113,IND / IND,"Saurabh SHARMA, Anoushka PARIKH",-2,0 - 0,$924.00,"8,910 / 5","https://bwfbadminton.com/player/63027/saurabh-sharma,https://bwfbadminton.com/player/72838/anoushka-parikh","63027, 72838"
114,RUS / RUS,"Andrey PARAKHODIN, Anastasiia AKCHURINA",-2,24 - 13,"$1,505.01","8,740 / 5","https://bwfbadminton.com/player/85632/andrey-parakhodin,https://bwfbadminton.com/player/33989/anastasiia-akchurina","85632, 33989"
115,HKG / HKG,"Hee Chun MAK, YEUNG Nga Ting",-2,0 - 0,"$2,402.34","8,720 / 4","https://bwfbadminton.com/player/54159/hee-chun-mak,https://bwfbadminton.com/player/68015/yeung-nga-ting","54159, 68015"
116,MAS / INA,"Mohamad Arif Ab Latif ARIF, Rusydina Antardayu RIODINGIN",-2,0 - 0,$845.00,"8,710 / 6","https://bwfbadminton.com/player/53131/mohamad-arif-ab-latif-arif,https://bwfbadminton.com/player/74525/rusydina-antardayu-riodingin","53131, 74525"
117,INA / INA,"Edi SUBAKTIAR, Richi Puspita DILI",-2,0 - 0,"$92,137.97","8,680 / 3","https://bwfbadminton.com/player/77978/edi-subaktiar,https://bwfbadminton.com/player/66907/richi-puspita-dili","77978, 66907"
118,GER / GER,"Michael FUCHS, Birgit OVERZIER",-2,169 - 101,"$168,738.76","8,670 / 3","https://bwfbadminton.com/player/51263/michael-fuchs,https://bwfbadminton.com/player/50851/birgit-overzier","51263, 50851"
119,ISR / ISR,"Misha ZILBERMAN, Svetlana ZILBERMAN",-2,0 - 0,$934.24,"8,560 / 3","https://bwfbadminton.com/player/52953/misha-zilberman,https://bwfbadminton.com/player/34/svetlana-zilberman","52953, 34"
120,NOR / NOR,"Fredrik KRISTENSEN, Solvår flåten JOERGENSEN",-2,0 - 0,$0.00,"8,480 / 11","https://bwfbadminton.com/player/59716/fredrik-kristensen,https://bwfbadminton.com/player/93983/solvar-flaten-joergensen","59716, 93983"
121,INA / INA,"Andika RAMADIANSYAH, Angelica WIRATAMA",-2,0 - 0,$496.75,"8,350 / 4","https://bwfbadminton.com/player/76674/andika-ramadiansyah,https://bwfbadminton.com/player/71012/angelica-wiratama","76674, 71012"
122,TPE / TPE,"LEE Yang, KUO Yu  Wen",-2,4 - 4,"$4,806.85","8,280 / 4","https://bwfbadminton.com/player/69448/lee-yang,https://bwfbadminton.com/player/86442/kuo-yu-wen","69448, 86442"
123,KOR / KOR,"KIM Ha Na, YOO Yeon Seong",-2,0 - 0,"$322,567.50","8,272 / 3","https://bwfbadminton.com/player/73982/kim-ha-na,https://bwfbadminton.com/player/52273/yoo-yeon-seong","73982, 52273"
124,FRA / FRA,"Julien MAIO, Lorraine BAUMANN",-2,7 - 9,$28.12,"8,100 / 6","https://bwfbadminton.com/player/73323/julien-maio,https://bwfbadminton.com/player/94489/lorraine-baumann","73323, 94489"
125,CZE / CZE,"Jaromir JANACEK, Katerina TOMALOVA",-2,7 - 14,$187.50,"7,954 / 7","https://bwfbadminton.com/player/87933/jaromir-janacek,https://bwfbadminton.com/player/81794/katerina-tomalova","87933, 81794"
126,KOR / KOR,"KIM DukYoung, YOO Chae Ran",-2,5 - 2,"$14,430.61","7,920 / 2","https://bwfbadminton.com/player/93611/kim-dukyoung,https://bwfbadminton.com/player/79061/yoo-chae-ran","93611, 79061"
127,ENG / ENG,"Christopher COLES, Victoria WILLIAMS",-2,7 - 3,"$1,706.24","7,910 / 6","https://bwfbadminton.com/player/30494/christopher-coles,https://bwfbadminton.com/player/56958/victoria-williams","30494, 56958"
128,TPE / TPE,"PO Li-Wei, CHANG Ching  Hui",-2,0 - 0,$502.80,"7,890 / 6","https://bwfbadminton.com/player/79052/po-li-wei,https://bwfbadminton.com/player/75270/chang-ching-hui","79052, 75270"
129,INA / INA,"Rinov RIVALDY, Vania Arianti SUKOCO",-2,7 - 6,$705.25,"7,740 / 4","https://bwfbadminton.com/player/88451/rinov-rivaldy,https://bwfbadminton.com/player/62428/vania-arianti-sukoco","88451, 62428"
130,THA /  / THA,"Supak JOMKOH, Puttita SUPAJIRAKUL",-2,0 - 0,"$7,680.00","7,740 / 3","https://bwfbadminton.com/player/73936/supak-jomkoh,https://bwfbadminton.com/player/68441/puttita-supajirakul","73936, 68441"
131,CHN / CHN,"HAN Cheng Kai, CHEN Lu",-2,0 - 0,"$6,655.00","7,700 / 2","https://bwfbadminton.com/player/66491/han-cheng-kai,https://bwfbadminton.com/player/72349/chen-lu","66491, 72349"
131,GER / GER,"Marvin SEIDEL, Birgit OVERZIER",-2,0 - 0,"$91,568.01","7,700 / 2","https://bwfbadminton.com/player/64909/marvin-seidel,https://bwfbadminton.com/player/50851/birgit-overzier","64909, 50851"
133,MAS / MAS,"CHAN Peng Soon, PECK Yen Wei",-2,0 - 0,"$145,202.07","7,700 / 1","https://bwfbadminton.com/player/53142/chan-peng-soon,https://bwfbadminton.com/player/64966/peck-yen-wei","53142, 64966"
133,CHN / CHN,"LIU Yu Chen, TANG Jin Hua",-2,15 - 6,"$60,267.49","7,700 / 1","https://bwfbadminton.com/player/93367/liu-yu-chen,https://bwfbadminton.com/player/39056/tang-jin-hua","93367, 39056"
135,THA / THA,"Chaloempon CHAROENKITAMORN, Chasinee KOREPAP",-2,2 - 2,$576.88,"7,470 / 6","https://bwfbadminton.com/player/88024/chaloempon-charoenkitamorn,https://bwfbadminton.com/player/71801/chasinee-korepap","88024, 71801"
136,GER / GER,"Bjarne GEISS, Eva JANSSENS",-2,0 - 0,$591.24,"7,420 / 8","https://bwfbadminton.com/player/59472/bjarne-geiss,https://bwfbadminton.com/player/60072/eva-janssens","59472, 60072"
137,INA / INA,"Rafiddias Akhdan NUGROHO, Masita MAHMUDIN",-2,5 - 4,"$4,382.49","7,360 / 4","https://bwfbadminton.com/player/65925/rafiddias-akhdan-nugroho,https://bwfbadminton.com/player/73134/masita-mahmudin","65925, 73134"
138,NEP / NEP,"Ratnajit TAMANG, Nangsal TAMANG",-2,0 - 0,$672.50,"7,290 / 4","https://bwfbadminton.com/player/80608/ratnajit-tamang,https://bwfbadminton.com/player/78543/nangsal-tamang","80608, 78543"
139,DEN / DEN,"Anders Skaarup RASMUSSEN, Sara THYGESEN",-2,0 - 0,"$30,053.75","7,260 / 2","https://bwfbadminton.com/player/44414/anders-skaarup-rasmussen,https://bwfbadminton.com/player/68189/sara-thygesen","44414, 68189"
140,CHN / CHN,"HUANG Kai Xiang, YU Xiao Han",-2,0 - 0,"$31,751.87","7,200 / 2","https://bwfbadminton.com/player/83797/huang-kai-xiang,https://bwfbadminton.com/player/62554/yu-xiao-han","83797, 62554"
141,MAS / MAS,"CHEN Tang Jie, Jia Jia TEW",-1,0 - 0,$154.38,"7,180 / 6","https://bwfbadminton.com/player/91090/chen-tang-jie,https://bwfbadminton.com/player/65763/jia-jia-tew","91090, 65763"
142,CZE / CZE,"Filip BUDZEL, Tereza ŠVÁBÍKOVÁ",-1,8 - 3,$0.00,"7,130 / 7","https://bwfbadminton.com/player/61900/filip-budzel,https://bwfbadminton.com/player/60397/tereza-%C5%A0vabikova","61900, 60397"
143,PER / PER,"Daniel LA TORRE  REGAL, Danica NISHIMURA",-1,0 - 0,$759.78,"7,040 / 3","https://bwfbadminton.com/player/72923/daniel-la-torre-regal,https://bwfbadminton.com/player/80894/danica-nishimura","72923, 80894"
144,CHN / CHN,"XU Chen, DU Yue",-1,0 - 0,"$451,503.74","7,040 / 2","https://bwfbadminton.com/player/51620/xu-chen,https://bwfbadminton.com/player/65984/du-yue","51620, 65984"
145,TPE / TPE,"YANG Po Han, HUNG Shih Han",-1,0 - 0,"$2,646.53","7,000 / 3","https://bwfbadminton.com/player/59709/yang-po-han,https://bwfbadminton.com/player/53628/hung-shih-han","59709, 53628"
145,AUS / AUS,"Matthew CHAU, Louisa MA",+60,0 - 0,"$1,420.69","7,000 / 3","https://bwfbadminton.com/player/78695/matthew-chau,https://bwfbadminton.com/player/73559/louisa-ma","78695, 73559"
147,SLO / SLO,"Miha IVANČIČ, Petra POLANC",-2,2 - 3,$0.00,"6,978 / 8","https://bwfbadminton.com/player/86567/miha-ivan%C4%8Ci%C4%8C,https://bwfbadminton.com/player/61268/petra-polanc","86567, 61268"
148,BEL / BEL,"Elias BRACKE, Lise JAQUES",-2,1 - 1,$0.00,"6,970 / 6","https://bwfbadminton.com/player/67251/elias-bracke,https://bwfbadminton.com/player/96665/lise-jaques","67251, 96665"
149,NZL / AUS,"Oliver LEYDON-DAVIS, Gronya SOMERVILLE",-2,0 - 0,"$2,658.91","6,970 / 3","https://bwfbadminton.com/player/27624/oliver-leydon-davis,https://bwfbadminton.com/player/58488/gronya-somerville","27624, 58488"
150,DEN / DEN,"Nicklas MATHIASEN, Gabriella BØJE",-2,0 - 0,$500.00,"6,890 / 6","https://bwfbadminton.com/player/89633/nicklas-mathiasen,https://bwfbadminton.com/player/92115/gabriella-b%C3%98je","89633, 92115"
151,USA / USA,"Phillip CHEW, Jamie SUBANDHI",-2,82 - 76,"$21,685.83","6,850 / 2","https://bwfbadminton.com/player/36299/phillip-chew,https://bwfbadminton.com/player/52771/jamie-subandhi","36299, 52771"
152,CHN / CHN,"WANG Sijie, NI Bowen",-2,0 - 0,"$4,718.75","6,800 / 2","https://bwfbadminton.com/player/89824/wang-sijie,https://bwfbadminton.com/player/63483/ni-bowen","89824, 63483"
153,ZAM / ZAM,"Juma MUWOWO, Ogar SIAMUPANGILA",-2,10 - 8,$950.56,"6,770 / 4","https://bwfbadminton.com/player/12665/juma-muwowo,https://bwfbadminton.com/player/51665/ogar-siamupangila","12665, 51665"
154,SCO / SCO,"Adam HALL, Eleanor O'DONNELL",-2,4 - 6,$768.74,"6,668 / 4","https://bwfbadminton.com/player/85159/adam-hall,https://bwfbadminton.com/player/79334/eleanor-o-donnell","85159, 79334"
155,TPE / TPE,"Wei Chen LIU, CHENG Yu Chieh",-2,0 - 0,$442.18,"6,630 / 5","https://bwfbadminton.com/player/71913/wei-chen-liu,https://bwfbadminton.com/player/97282/cheng-yu-chieh","71913, 97282"
156,CHN / CHN,"SHI Longfei, TANG Pingyang",-2,0 - 0,"$2,483.75","6,590 / 3","https://bwfbadminton.com/player/95570/shi-longfei,https://bwfbadminton.com/player/60331/tang-pingyang","95570, 60331"
157,ENG / ENG,"Matthew CLARE, Victoria WILLIAMS",-2,0 - 0,$603.12,"6,550 / 5","https://bwfbadminton.com/player/66617/matthew-clare,https://bwfbadminton.com/player/56958/victoria-williams","66617, 56958"
158,HKG / HKG,"HO Wai Lun, YUEN Sin Ying",-2,4 - 7,"$1,021.85","6,460 / 5","https://bwfbadminton.com/player/84285/ho-wai-lun,https://bwfbadminton.com/player/88932/yuen-sin-ying","84285, 88932"
159,USA / USA,"Howard SHU, Jamie SUBANDHI",-2,0 - 0,"$11,805.89","6,430 / 2","https://bwfbadminton.com/player/46776/howard-shu,https://bwfbadminton.com/player/52771/jamie-subandhi","46776, 52771"
160,BRA / BRA,"Hugo ARTHUSO, Fabiana SILVA",-2,47 - 29,"$5,011.77","6,395 / 3","https://bwfbadminton.com/player/53977/hugo-arthuso,https://bwfbadminton.com/player/52908/fabiana-silva","53977, 52908"
161,EGY / EGY,"Abdelrahman KASHKAL, Hadia HOSNY",-2,55 - 51,"$4,169.60","6,390 / 3","https://bwfbadminton.com/player/24294/abdelrahman-kashkal,https://bwfbadminton.com/player/52901/hadia-hosny","24294, 52901"
162,AUS / AUS,"Simon Wing Hang LEUNG, Tiffany HO",+77,4 - 6,$138.74,"6,350 / 4","https://bwfbadminton.com/player/89199/simon-wing-hang-leung,https://bwfbadminton.com/player/64389/tiffany-ho","89199, 64389"
163,INA / INA,"Hendra TANDJAYA, Sekartaji PUTRI",+215,0 - 0,$0.00,"6,250 / 4","https://bwfbadminton.com/player/74114/hendra-tandjaya,https://bwfbadminton.com/player/99009/sekartaji-putri","74114, 99009"
164,DEN / DEN,"Kristoffer KNUDSEN, Isabella NIELSEN",-4,0 - 0,$0.00,"6,240 / 4","https://bwfbadminton.com/player/65681/kristoffer-knudsen,https://bwfbadminton.com/player/90607/isabella-nielsen","65681, 90607"
165,THA / THA,"Tanupat VIRIYANGKURA, Thanyasuda WONGYA",-4,2 - 5,"$1,118.74","6,210 / 3","https://bwfbadminton.com/player/74233/tanupat-viriyangkura,https://bwfbadminton.com/player/98266/thanyasuda-wongya","74233, 98266"
166,CHN / CHN,"TAN Qiang, XU Ya",-4,0 - 0,"$3,791.25","6,120 / 2","https://bwfbadminton.com/player/58678/tan-qiang,https://bwfbadminton.com/player/67270/xu-ya","58678, 67270"
166,RUS / RUS,"Vitalij DURKIN, Nina VISLOVA",-4,189 - 88,"$77,067.46","6,120 / 2","https://bwfbadminton.com/player/9238/vitalij-durkin,https://bwfbadminton.com/player/15311/nina-vislova","9238, 15311"
168,INA / INA,"Didit JUANG, Keshya Nurvita HANADIA",-4,4 - 6,"$3,700.59","6,060 / 3","https://bwfbadminton.com/player/67699/didit-juang,https://bwfbadminton.com/player/17156/keshya-nurvita-hanadia","67699, 17156"
169,AUS / AUS,"Joel FINDLAY, Gronya SOMERVILLE",-4,0 - 0,"$1,574.18","6,050 / 2","https://bwfbadminton.com/player/55067/joel-findlay,https://bwfbadminton.com/player/58488/gronya-somerville","55067, 58488"
170,CHN / CHN,"LI Jun Hui, BAO Yixin",-4,0 - 0,"$142,801.86","6,050 / 1","https://bwfbadminton.com/player/79059/li-jun-hui,https://bwfbadminton.com/player/80939/bao-yixin","79059, 80939"
171,ITA / ITA,"Kevin STROBL, Silvia GARINO",-4,0 - 0,$75.00,"6,020 / 7","https://bwfbadminton.com/player/64116/kevin-strobl,https://bwfbadminton.com/player/79241/silvia-garino","64116, 79241"
172,BLR / BLR,"Uladzimir VARANTSOU, Kristina SILICH",-4,0 - 0,$144.00,"5,970 / 8","https://bwfbadminton.com/player/66454/uladzimir-varantsou,https://bwfbadminton.com/player/63639/kristina-silich","66454, 63639"
173,ENG / ENG,"Callum HEMMING, Fee Teng LIEW",-4,0 - 0,"$1,600.00","5,950 / 5","https://bwfbadminton.com/player/86756/callum-hemming,https://bwfbadminton.com/player/83940/fee-teng-liew","86756, 83940"
174,INA / INA,"Andika RAMADIANSYAH, Mychelle Crhystine BANDASO",-4,3 - 1,$614.00,"5,900 / 4","https://bwfbadminton.com/player/76674/andika-ramadiansyah,https://bwfbadminton.com/player/76782/mychelle-crhystine-bandaso","76674, 76782"
175,TPE / TPE,"WANG Chi-Lin, CHENG Chi Ya",-4,9 - 12,"$10,366.73","5,750 / 2","https://bwfbadminton.com/player/96514/wang-chi-lin,https://bwfbadminton.com/player/92339/cheng-chi-ya","96514, 92339"
176,GER / GER,"Richard DOMKE, Jennifer KARNOTT",-4,0 - 0,$431.24,"5,700 / 4","https://bwfbadminton.com/player/85035/richard-domke,https://bwfbadminton.com/player/98292/jennifer-karnott","85035, 98292"
177,IND / IND,"K. Nandagopal, Ashwini PONNAPPA",-4,0 - 0,"$12,863.10","5,690 / 3","https://bwfbadminton.com/player/74005/k-nandagopal,https://bwfbadminton.com/player/49765/ashwini-ponnappa","74005, 49765"
178,RUS / RUS,"Dmitrii RIABOV, Maria SHEGUROVA",-4,9 - 4,$299.99,"5,650 / 5","https://bwfbadminton.com/player/96437/dmitrii-riabov,https://bwfbadminton.com/player/70774/maria-shegurova","96437, 70774"
179,INA / INA,"Andrew SUSANTO, Erlina KURNIANTI",-4,0 - 0,$525.00,"5,610 / 3","https://bwfbadminton.com/player/73773/andrew-susanto,https://bwfbadminton.com/player/82777/erlina-kurnianti","73773, 82777"
180,AUS /  / AUS,"Mitchell WHELLER, Hsuan-Yu Wendy CHEN",-4,0 - 1,"$1,350.12","5,600 / 2","https://bwfbadminton.com/player/70877/mitchell-wheller,https://bwfbadminton.com/player/40545/hsuan-yu-wendy-chen","70877, 40545"
181,GER / MRI,"Jonathan PERSSON, Kate FOO KUNE",-4,0 - 0,"$1,432.18","5,530 / 2","https://bwfbadminton.com/player/60652/jonathan-persson,https://bwfbadminton.com/player/42679/kate-foo-kune","60652, 42679"
181,JAM / JAM,"Dennis COKE, Katherine WYNTER",-4,2 - 1,"$1,000.00","5,530 / 2","https://bwfbadminton.com/player/83055/dennis-coke,https://bwfbadminton.com/player/77611/katherine-wynter","83055, 77611"
181,DOM / DOM,"William CABRERA, Licelott SANCHEZ",-4,2 - 1,$555.73,"5,530 / 2","https://bwfbadminton.com/player/13654/william-cabrera,https://bwfbadminton.com/player/39137/licelott-sanchez","13654, 39137"
181,CUB / CUB,"Leodannis MARTINEZ PALACIO, Taymara OROPESA PUPO",-4,3 - 3,$916.00,"5,530 / 2","https://bwfbadminton.com/player/50573/leodannis-martinez-palacio,https://bwfbadminton.com/player/98960/taymara-oropesa-pupo","50573, 98960"
185,KOR / KOR,"KIM WonHo, LEE Yu Lim",-4,0 - 0,$730.00,"5,520 / 2","https://bwfbadminton.com/player/61444/kim-wonho,https://bwfbadminton.com/player/66115/lee-yu-lim","61444, 66115"
186,CHN / CHN,"OU Xuan Yi, LIU Lin",-4,0 - 0,"$1,065.00","5,450 / 4","https://bwfbadminton.com/player/58241/ou-xuan-yi,https://bwfbadminton.com/player/68852/liu-lin","58241, 68852"
187,RUS / RUS,"Aleksandr VASILKIN, Kristina VYRVICH",-4,3 - 3,$398.76,"5,370 / 3","https://bwfbadminton.com/player/58165/aleksandr-vasilkin,https://bwfbadminton.com/player/88999/kristina-vyrvich","58165, 88999"
188,GER / GER,"Andreas HEINZ, Annika HORBACH",-4,11 - 11,"$2,656.24","5,350 / 4","https://bwfbadminton.com/player/88130/andreas-heinz,https://bwfbadminton.com/player/81470/annika-horbach","88130, 81470"
189,KOR / KOR,"BAE Kwon Young, KONG Heeyong",-4,0 - 0,"$3,763.12","5,270 / 2","https://bwfbadminton.com/player/85203/bae-kwon-young,https://bwfbadminton.com/player/71391/kong-heeyong","85203, 71391"
190,ZAM / ZAM,"Topsy PHIRI, Elizaberth CHIPELEME",-4,1 - 2,$144.00,"5,250 / 3","https://bwfbadminton.com/player/89046/topsy-phiri,https://bwfbadminton.com/player/58650/elizaberth-chipeleme","89046, 58650"
191,BRA / BRA,"Matheus VOIGT, Bianca Oliveira LIMA",-4,0 - 1,$637.50,"5,230 / 2","https://bwfbadminton.com/player/85056/matheus-voigt,https://bwfbadminton.com/player/71483/bianca-oliveira-lima","85056, 71483"
191,ENG / ENG,"Matthew NOTTINGHAM, Lauren SMITH",-4,0 - 0,"$7,377.76","5,230 / 2","https://bwfbadminton.com/player/92632/matthew-nottingham,https://bwfbadminton.com/player/80918/lauren-smith","92632, 80918"
193,NZL / NZL,"Kevin DENNERLY-MINTURN, Danielle TAHURI",-4,4 - 3,"$1,480.51","5,220 / 2","https://bwfbadminton.com/player/54739/kevin-dennerly-minturn,https://bwfbadminton.com/player/53637/danielle-tahuri","54739, 53637"
194,NOR / NOR,"Magnus CHRISTENSEN, Natalie SYVERTSEN",-4,0 - 0,$0.00,"5,180 / 8","https://bwfbadminton.com/player/77524/magnus-christensen,https://bwfbadminton.com/player/67759/natalie-syvertsen","77524, 67759"
195,SGP / SGP,"Danny Bawa CHRISNANTA, Putri Sari Dewi CITRA",-4,0 - 0,"$37,938.92","5,160 / 2","https://bwfbadminton.com/player/66920/danny-bawa-chrisnanta,https://bwfbadminton.com/player/90662/putri-sari-dewi-citra","66920, 90662"
196,TPE / TPE,"LU Chia Pin, SUNG Shuo Yun",-4,0 - 0,"$2,604.48","5,150 / 4","https://bwfbadminton.com/player/86722/lu-chia-pin,https://bwfbadminton.com/player/88807/sung-shuo-yun","86722, 88807"
197,TPE / TPE,"YANG Po-Hsuan, WEN Hao Yun",-4,0 - 0,$949.38,"5,070 / 2","https://bwfbadminton.com/player/76275/yang-po-hsuan,https://bwfbadminton.com/player/89347/wen-hao-yun","76275, 89347"
198,MAS / MAS,"CHAN Peng Soon, CHEAH Yee See",0,0 - 0,"$144,594.56","5,040 / 1","https://bwfbadminton.com/player/53142/chan-peng-soon,https://bwfbadminton.com/player/58879/cheah-yee-see","53142, 58879"
198,CHN / CHN,"ZHANG Nan, HUANG Dong Ping",-4,0 - 0,"$628,163.75","5,040 / 1","https://bwfbadminton.com/player/35357/zhang-nan,https://bwfbadminton.com/player/89426/huang-dong-ping","35357, 89426"
198,CHN / CHN,"LIU Cheng, LI Yin Hui",-4,0 - 0,"$157,731.86","5,040 / 1","https://bwfbadminton.com/player/95396/liu-cheng,https://bwfbadminton.com/player/82249/li-yin-hui","95396, 82249"
201,POL / POL,"Przemyslaw SZYDLOWSKI, Magdalena WITEK",-5,2 - 1,$0.00,"4,950 / 6","https://bwfbadminton.com/player/57333/przemyslaw-szydlowski,https://bwfbadminton.com/player/82449/magdalena-witek","57333, 82449"
202,IND / MAS,"Kamaldeep SINGH, LEE Zhi Qing",-5,2 - 1,$50.62,"4,940 / 5","https://bwfbadminton.com/player/77289/kamaldeep-singh,https://bwfbadminton.com/player/72517/lee-zhi-qing","77289, 72517"
203,USA / USA,"Tony GUNAWAN, Jamie HSU",-5,4 - 2,"$15,806.38","4,920 / 2","https://bwfbadminton.com/player/3181/tony-gunawan,https://bwfbadminton.com/player/79853/jamie-hsu","3181, 79853"
204,USA / CAN,"Hock Lai LEE, Phyllis CHAN",-5,7 - 6,"$4,223.70","4,900 / 1","https://bwfbadminton.com/player/53132/hock-lai-lee,https://bwfbadminton.com/player/74856/phyllis-chan","53132, 74856"
205,TPE / TPE,"LEE Jhe-Huei, Szu Yu CHEN",-5,2 - 1,"$2,603.41","4,890 / 3","https://bwfbadminton.com/player/99102/lee-jhe-huei,https://bwfbadminton.com/player/77359/szu-yu-chen","99102, 77359"
206,EGY / EGY,"Abdelrahman ABDELHAKIM, Doha HANY",-5,0 - 0,$88.12,"4,870 / 3","https://bwfbadminton.com/player/80259/abdelrahman-abdelhakim,https://bwfbadminton.com/player/61746/doha-hany","80259, 61746"
207,PER / PER,"Gustavo Alfredo SALAZAR, Fernanda SAPONARA RIVVA",-5,0 - 1,$210.62,"4,860 / 3","https://bwfbadminton.com/player/56204/gustavo-alfredo-salazar,https://bwfbadminton.com/player/88063/fernanda-saponara-rivva","56204, 88063"
208,IND / IND,"Rushikesh MALI, Seema PANCHAL",-5,0 - 0,$0.00,"4,850 / 4","https://bwfbadminton.com/player/77478/rushikesh-mali,https://bwfbadminton.com/player/86930/seema-panchal","77478, 86930"
209,DEN / DEN,"Mikkel STOFFERSEN, Susan EKELUND",-5,0 - 0,$0.00,"4,810 / 4","https://bwfbadminton.com/player/97242/mikkel-stoffersen,https://bwfbadminton.com/player/90497/susan-ekelund","97242, 90497"
210,CHN / CHN,"GAO Xiang Cheng, XIA Chunyu",-4,0 - 0,"$1,377.50","4,770 / 2","https://bwfbadminton.com/player/64549/gao-xiang-cheng,https://bwfbadminton.com/player/71636/xia-chunyu","64549, 71636"
211,DOM / DOM,"Nelson JAVIER, Noemi ALMONTE",-4,0 - 0,$168.72,"4,755 / 3","https://bwfbadminton.com/player/15591/nelson-javier,https://bwfbadminton.com/player/80151/noemi-almonte","15591, 80151"
212,POL / POL,"Jan RUDZINSKI, Wiktoria RUDZINSKA",-4,0 - 3,$0.00,"4,750 / 7","https://bwfbadminton.com/player/50613/jan-rudzinski,https://bwfbadminton.com/player/71144/wiktoria-rudzinska","50613, 71144"
213,TUR / TUR,"Melih TURGUT, Fatma Nur YAVUZ",-4,10 - 8,"$3,200.00","4,750 / 3","https://bwfbadminton.com/player/67625/melih-turgut,https://bwfbadminton.com/player/69125/fatma-nur-yavuz","67625, 69125"
214,FIN / FIN,"Tuomas NUORTEVA, Sonja PEKKOLA",-4,0 - 1,$110.13,"4,730 / 4","https://bwfbadminton.com/player/15456/tuomas-nuorteva,https://bwfbadminton.com/player/99619/sonja-pekkola","15456, 99619"
215,THA / THA,"Pongsakorn THONGKHAM, Nannapas SUKKLAD",-4,0 - 0,$0.00,"4,720 / 5","https://bwfbadminton.com/player/81327/pongsakorn-thongkham,https://bwfbadminton.com/player/56237/nannapas-sukklad","81327, 56237"
216,JOR / JOR,"Bahaedeen Ahmad ALSHANNIK, Domou AMRO",-4,7 - 5,$665.37,"4,720 / 2","https://bwfbadminton.com/player/95425/bahaedeen-ahmad-alshannik,https://bwfbadminton.com/player/81950/domou-amro","95425, 81950"
217,RUS / RUS,"Vladimir IVANOV, Valeria SOROKINA",-4,0 - 0,"$38,227.62","4,680 / 1","https://bwfbadminton.com/player/53924/vladimir-ivanov,https://bwfbadminton.com/player/46862/valeria-sorokina","53924, 46862"
218,ITA / ITA,"Lukas OSELE, Lisa IVERSEN",-4,0 - 0,$0.00,"4,660 / 6","https://bwfbadminton.com/player/72521/lukas-osele,https://bwfbadminton.com/player/95837/lisa-iversen","72521, 95837"
219,SLO / SLO,"Miha IVANIČ, Nika ARIH",-4,4 - 3,$0.00,"4,640 / 4","https://bwfbadminton.com/player/57543/miha-ivani%C4%8C,https://bwfbadminton.com/player/56927/nika-arih","57543, 56927"
220,JPN / JPN,"Hiroki OKAMURA, Naru SHINOYA",-4,0 - 0,$199.37,"4,640 / 3","https://bwfbadminton.com/player/86479/hiroki-okamura,https://bwfbadminton.com/player/99067/naru-shinoya","86479, 99067"
221,DEN / DEN,"Kristoffer KNUDSEN, Emilie JUUL",-4,12 - 6,$0.00,"4,560 / 4","https://bwfbadminton.com/player/65681/kristoffer-knudsen,https://bwfbadminton.com/player/77693/emilie-juul","65681, 77693"
222,PER / PER,"Diego MINI, Paula LA TORRE REGAL",-4,2 - 3,$299.49,"4,560 / 3","https://bwfbadminton.com/player/91469/diego-mini,https://bwfbadminton.com/player/95819/paula-la-torre-regal","91469, 95819"
223,CHN / CHN,"WANG Sijie, DU Peng",-4,0 - 0,"$5,981.25","4,550 / 2","https://bwfbadminton.com/player/89824/wang-sijie,https://bwfbadminton.com/player/61490/du-peng","89824, 61490"
224,ESP / ESP,"Alberto ZAPICO, Lorena USLÉ",-4,0 - 1,$0.00,"4,510 / 4","https://bwfbadminton.com/player/74231/alberto-zapico,https://bwfbadminton.com/player/92620/lorena-usle","74231, 92620"
225,DEN / DEN,"Lasse MØLHEDE, Anne Katrine HANSEN",-4,1 - 1,$0.00,"4,490 / 3","https://bwfbadminton.com/player/60909/lasse-m%C3%98lhede,https://bwfbadminton.com/player/59426/anne-katrine-hansen","60909, 59426"
226,POL / POL,"Pawel SMILOWSKI, Magdalena SWIERCZYNSKA",-4,11 - 5,$0.00,"4,480 / 5","https://bwfbadminton.com/player/85532/pawel-smilowski,https://bwfbadminton.com/player/76114/magdalena-swierczynska","85532, 76114"
227,SGP / SGP,"Guang Liang Jason WONG, Putri Sari Dewi CITRA",-4,4 - 8,$794.88,"4,470 / 4","https://bwfbadminton.com/player/97402/guang-liang-jason-wong,https://bwfbadminton.com/player/90662/putri-sari-dewi-citra","97402, 90662"
228,FRA / FRA,"Eloi ADAM, Vimala HERIAU",-4,0 - 0,$0.00,"4,430 / 5","https://bwfbadminton.com/player/87403/eloi-adam,https://bwfbadminton.com/player/90317/vimala-heriau","87403, 90317"
229,VIE / VIE,"Hong Nam PHAM, Thu Huyen LE",-4,9 - 7,"$1,053.74","4,430 / 3","https://bwfbadminton.com/player/67497/hong-nam-pham,https://bwfbadminton.com/player/18115/thu-huyen-le","67497, 18115"
230,CHN / CHN,"ZHOU Hao Dong, XU Ya",-4,0 - 0,"$3,903.75","4,390 / 2","https://bwfbadminton.com/player/61160/zhou-hao-dong,https://bwfbadminton.com/player/67270/xu-ya","61160, 67270"
230,TPE / TPE,"Wei Chen LIU, CHEN Hsiao Huan",-4,0 - 0,"$14,688.42","4,390 / 2","https://bwfbadminton.com/player/71913/wei-chen-liu,https://bwfbadminton.com/player/51518/chen-hsiao-huan","71913, 51518"
232,THA /  / THA,"Pakin KUNA-ANUVIT, Jhenicha SUDJAIPRAPARAT",-4,5 - 5,$140.62,"4,330 / 3","https://bwfbadminton.com/player/78147/pakin-kuna-anuvit,https://bwfbadminton.com/player/72504/jhenicha-sudjaipraparat","78147, 72504"
233,RUS / RUS,"Andrey PARAKHODIN, Natalia ROGOVA",-4,0 - 0,$386.88,"4,320 / 2","https://bwfbadminton.com/player/85632/andrey-parakhodin,https://bwfbadminton.com/player/81647/natalia-rogova","85632, 81647"
234,CHN / CHN,"LIU Cheng, HUANG Dong Ping",-4,0 - 0,"$141,814.36","4,320 / 1","https://bwfbadminton.com/player/95396/liu-cheng,https://bwfbadminton.com/player/89426/huang-dong-ping","95396, 89426"
234,CHN / CHN,"LIU Yu Chen, CHEN Lu",-4,0 - 0,"$33,331.87","4,320 / 1","https://bwfbadminton.com/player/93367/liu-yu-chen,https://bwfbadminton.com/player/72349/chen-lu","93367, 72349"
236,RUS / RUS,"Artem SERPIONOV, Tatjana BIBIK",-4,2 - 2,"$3,213.74","4,310 / 2","https://bwfbadminton.com/player/96613/artem-serpionov,https://bwfbadminton.com/player/51261/tatjana-bibik","96613, 51261"
237,INA / INA,"Fernando KURNIAWAN, Dian FITRIANI",-4,3 - 2,"$3,227.48","4,260 / 4","https://bwfbadminton.com/player/55013/fernando-kurniawan,https://bwfbadminton.com/player/24370/dian-fitriani","55013, 24370"
238,GUA / GUA,"SOLIS JONATHAN, Mariana Isabel PAIZ QUAN",-4,0 - 0,"$1,283.35","4,240 / 2","https://bwfbadminton.com/player/25684/solis-jonathan,https://bwfbadminton.com/player/76901/mariana-isabel-paiz-quan","25684, 76901"
238,NZL / NZL,"Dylan SOEDJASA, Susannah LEYDON-DAVIS",-4,0 - 0,$989.00,"4,240 / 2","https://bwfbadminton.com/player/82683/dylan-soedjasa,https://bwfbadminton.com/player/31647/susannah-leydon-davis","82683, 31647"
240,DEN / DEN,"Steve OLESEN, Maja RINDSHOEJ",-4,2 - 4,$0.00,"4,190 / 4","https://bwfbadminton.com/player/84444/steve-olesen,https://bwfbadminton.com/player/74942/maja-rindshoej","84444, 74942"
241,IND / IND,"Dinesh CHAUDHRY, Lalita DAHIYA",-4,4 - 15,$392.46,"4,170 / 4","https://bwfbadminton.com/player/58296/dinesh-chaudhry,https://bwfbadminton.com/player/99711/lalita-dahiya","58296, 99711"
242,GUA / GUA,"SOLIS JONATHAN, Nikte Alejandra SOTOMAYOR",-4,24 - 19,"$2,808.69","4,170 / 2","https://bwfbadminton.com/player/25684/solis-jonathan,https://bwfbadminton.com/player/17774/nikte-alejandra-sotomayor","25684, 17774"
243,POL / POL,"Maciej OCIEPA, KAROLINA GAJOS",-3,9 - 13,$0.00,"4,120 / 6","https://bwfbadminton.com/player/97543/maciej-ociepa,https://bwfbadminton.com/player/69478/karolina-gajos","97543, 69478"
244,RSA / RSA,"Andries MALAN, Jennifer FRY",-3,37 - 14,"$1,190.12","4,115 / 2","https://bwfbadminton.com/player/63109/andries-malan,https://bwfbadminton.com/player/54729/jennifer-fry","63109, 54729"
245,TUR / TUR,"Serdar KOCA, Emine DEMIRTAS",-3,8 - 5,$0.00,"4,090 / 3","https://bwfbadminton.com/player/82221/serdar-koca,https://bwfbadminton.com/player/98152/emine-demirtas","82221, 98152"
246,TPE / TPE,"LIAO Min Chun, WEN Hao Yun",-3,0 - 0,"$13,883.74","4,040 / 3","https://bwfbadminton.com/player/53230/liao-min-chun,https://bwfbadminton.com/player/89347/wen-hao-yun","53230, 89347"
246,ZAM / ZAM,"Chongo Ezra MULENGA, Evelyn SIAMUPANGILA",-3,0 - 0,$0.00,"4,040 / 3","https://bwfbadminton.com/player/65857/chongo-ezra-mulenga,https://bwfbadminton.com/player/55777/evelyn-siamupangila","65857, 55777"
248,DOM / DOM,"Angel Argenis MARINEZ ULLOA, Bermary Altagracia POLANCO MUNOZ",-3,0 - 2,$0.00,"4,030 / 3","https://bwfbadminton.com/player/67852/angel-argenis-marinez-ulloa,https://bwfbadminton.com/player/72946/bermary-altagracia-polanco-munoz","67852, 72946"
249,VIE / VIE,"Bao Duc DUONG, Thi Trang (B) VU",-3,1 - 1,"$1,926.20","4,010 / 2","https://bwfbadminton.com/player/54667/bao-duc-duong,https://bwfbadminton.com/player/71455/thi-trang-b-vu","54667, 71455"
249,TPE / TPE,"YANG Po Han, YANG Ching Tun",-3,4 - 4,"$2,314.67","4,010 / 2","https://bwfbadminton.com/player/59709/yang-po-han,https://bwfbadminton.com/player/78687/yang-ching-tun","59709, 78687"
251,NCL / NCL,"Morgan PAITIO, Johanna KOU",-3,0 - 0,$0.00,"3,990 / 3","https://bwfbadminton.com/player/76417/morgan-paitio,https://bwfbadminton.com/player/13882/johanna-kou","76417, 13882"
252,DEN / DEN,"Philip SEERUP, Irina Amalie ANDERSEN",-3,5 - 3,$0.00,"3,970 / 3","https://bwfbadminton.com/player/65516/philip-seerup,https://bwfbadminton.com/player/96276/irina-amalie-andersen","65516, 96276"
252,DOM / DOM,"Cesar Adonis BRITO GONZALEZ, Nairoby Abigail JIMENEZ",-3,1 - 2,$144.00,"3,970 / 3","https://bwfbadminton.com/player/58197/cesar-adonis-brito-gonzalez,https://bwfbadminton.com/player/71061/nairoby-abigail-jimenez","58197, 71061"
254,JPN / JPN,"Mahiro KANEKO, Akane WATANABE",-3,0 - 0,$103.12,"3,960 / 3","https://bwfbadminton.com/player/74932/mahiro-kaneko,https://bwfbadminton.com/player/55712/akane-watanabe","74932, 55712"
254,TPE / TPE,"WU Yuan Cheng, YANG Ching Tun",-3,0 - 0,$552.49,"3,960 / 3","https://bwfbadminton.com/player/96951/wu-yuan-cheng,https://bwfbadminton.com/player/78687/yang-ching-tun","96951, 78687"
254,THA / THA,"Mek NARONGRIT, Supanida KATETHONG",-3,0 - 0,$486.24,"3,960 / 3","https://bwfbadminton.com/player/70388/mek-narongrit,https://bwfbadminton.com/player/91422/supanida-katethong","70388, 91422"
257,PER / PER,"Bruno BARRUETO DEZA, Ines Lucia CASTILLO SALAZAR",-3,1 - 2,$210.62,"3,950 / 2","https://bwfbadminton.com/player/78607/bruno-barrueto-deza,https://bwfbadminton.com/player/79258/ines-lucia-castillo-salazar","78607, 79258"
258,JPN / JPN,"Yugo KOBAYASHI, Koharu YONEMOTO",-3,0 - 0,"$15,795.60","3,890 / 2","https://bwfbadminton.com/player/67903/yugo-kobayashi,https://bwfbadminton.com/player/26238/koharu-yonemoto","67903, 26238"
258,TPE / TPE,"WANG Chi-Lin, CHIANG Kai Hsin",-3,0 - 0,"$10,037.34","3,890 / 2","https://bwfbadminton.com/player/96514/wang-chi-lin,https://bwfbadminton.com/player/84929/chiang-kai-hsin","96514, 84929"
260,THA / THA,"Warit SARAPAT, Supamart MINGCHUA",-3,0 - 0,$266.88,"3,870 / 2","https://bwfbadminton.com/player/85495/warit-sarapat,https://bwfbadminton.com/player/84287/supamart-mingchua","85495, 84287"
261,INA / INA,"Ronald RONALD, Annisa SAUFIKA",-3,0 - 0,"$41,440.21","3,850 / 1","https://bwfbadminton.com/player/54280/ronald-ronald,https://bwfbadminton.com/player/75853/annisa-saufika","54280, 75853"
261,CHN / CHN,"TAN Qiang, ZHOU Chao Min",-3,0 - 0,"$2,987.50","3,850 / 1","https://bwfbadminton.com/player/58678/tan-qiang,https://bwfbadminton.com/player/63185/zhou-chao-min","58678, 63185"
261,CHN / CHN,"HE Ji Ting, XU Ya",-3,0 - 0,"$9,382.50","3,850 / 1","https://bwfbadminton.com/player/59673/he-ji-ting,https://bwfbadminton.com/player/67270/xu-ya","59673, 67270"
261,GER / GER,"Michael FUCHS, Linda EFLER",-3,0 - 0,"$81,296.75","3,850 / 1","https://bwfbadminton.com/player/51263/michael-fuchs,https://bwfbadminton.com/player/83942/linda-efler","51263, 83942"
261,GER / GER,"Michael FUCHS, Eva JANSSENS",-3,0 - 0,"$79,914.37","3,850 / 1","https://bwfbadminton.com/player/51263/michael-fuchs,https://bwfbadminton.com/player/60072/eva-janssens","51263, 60072"
261,TPE / TPE,"TSENG Min Hao, HSIEH Pei Shan",-3,0 - 0,"$7,414.11","3,850 / 1","https://bwfbadminton.com/player/71729/tseng-min-hao,https://bwfbadminton.com/player/95062/hsieh-pei-shan","71729, 95062"
261,TPE / TPE,"LEE Jhe-Huei, HSIEH Pei Chen",-3,3 - 2,"$5,791.86","3,850 / 1","https://bwfbadminton.com/player/99102/lee-jhe-huei,https://bwfbadminton.com/player/52998/hsieh-pei-chen","99102, 52998"
261,TPE / TPE,"LU Ching Yao, HU Ling Fang",-3,0 - 0,"$8,785.97","3,850 / 1","https://bwfbadminton.com/player/56746/lu-ching-yao,https://bwfbadminton.com/player/87176/hu-ling-fang","56746, 87176"
261,GER / GER,"Fabian HOLZER, Barbara BELLENBERG",-3,6 - 16,$873.12,"3,850 / 1","https://bwfbadminton.com/player/8453/fabian-holzer,https://bwfbadminton.com/player/96716/barbara-bellenberg","8453, 96716"
261,KOR / KOR,"KANG Ji Wook, EOM Hye Won",-3,0 - 0,"$86,198.12","3,850 / 1","https://bwfbadminton.com/player/57595/kang-ji-wook,https://bwfbadminton.com/player/28492/eom-hye-won","57595, 28492"
261,MEX / MEX,"Lino MUNOZ, Cynthia GONZALEZ",-3,49 - 42,"$3,305.30","3,850 / 1","https://bwfbadminton.com/player/96461/lino-munoz,https://bwfbadminton.com/player/24247/cynthia-gonzalez","96461, 24247"
272,DEN / DEN,"Tobias SUDER, Line NØRGAARD",-3,5 - 4,$0.00,"3,830 / 5","https://bwfbadminton.com/player/73294/tobias-suder,https://bwfbadminton.com/player/80736/line-n%C3%98rgaard","73294, 80736"
273,IND / IND,"RAJESH KRISHNAN NAVANEETHAKRISHNAN, B VENKATA RAMYA TULASI BAILUPUDI",-3,0 - 0,$43.50,"3,800 / 4","https://bwfbadminton.com/player/93955/rajesh-krishnan-navaneethakrishnan,https://bwfbadminton.com/player/99401/b-venkata-ramya-tulasi-bailupudi","93955, 99401"
274,GER / GER,"Daniel BENZ, Theresa WURM",-3,2 - 3,$5.62,"3,790 / 4","https://bwfbadminton.com/player/53949/daniel-benz,https://bwfbadminton.com/player/79329/theresa-wurm","53949, 79329"
275,AUS / AUS,"Matthew CHAU, Gronya SOMERVILLE",-3,20 - 17,"$2,806.74","3,780 / 2","https://bwfbadminton.com/player/78695/matthew-chau,https://bwfbadminton.com/player/58488/gronya-somerville","78695, 58488"
276,ENG / ENG,"Matthew CLARE, Jessica HOPTON",-3,3 - 6,$0.00,"3,720 / 6","https://bwfbadminton.com/player/66617/matthew-clare,https://bwfbadminton.com/player/83669/jessica-hopton","66617, 83669"
277,TPE / TPE,"YANG Ming-Tse, YU Chien Hui",-3,0 - 0,$396.36,"3,720 / 4","https://bwfbadminton.com/player/60516/yang-ming-tse,https://bwfbadminton.com/player/75154/yu-chien-hui","60516, 75154"
277,IND / IND,"S. Sunjith (Jr), Sruthi K.P",-3,1 - 1,$0.00,"3,720 / 4","https://bwfbadminton.com/player/77429/s-sunjith-jr,https://bwfbadminton.com/player/64219/sruthi-k-p","77429, 64219"
279,BRA / BRA,"Fabricio FARIAS, Samia LIMA",-3,0 - 0,$383.12,"3,720 / 3","https://bwfbadminton.com/player/69649/fabricio-farias,https://bwfbadminton.com/player/76507/samia-lima","69649, 76507"
280,THA / THA,"Parinyawat THONGNUAM, Phataimas MUENWONG",-3,9 - 3,"$1,778.72","3,720 / 2","https://bwfbadminton.com/player/73786/parinyawat-thongnuam,https://bwfbadminton.com/player/56460/phataimas-muenwong","73786, 56460"
280,CHN / CHN,"PEI Tian Yi, WU Qian Qian",-3,0 - 0,$247.50,"3,720 / 2","https://bwfbadminton.com/player/48106/pei-tian-yi,https://bwfbadminton.com/player/82484/wu-qian-qian","48106, 82484"
282,ISL / ISL,"Kristofer Darri FINNSSON, Margrét JOHANNSDOTTIR",-3,0 - 0,$0.00,"3,710 / 5","https://bwfbadminton.com/player/82333/kristofer-darri-finnsson,https://bwfbadminton.com/player/77397/margret-johannsdottir","82333, 77397"
283,SVK / SVK,"Milan DRATVA, Martina REPISKA",-3,0 - 0,$0.00,"3,680 / 4","https://bwfbadminton.com/player/68819/milan-dratva,https://bwfbadminton.com/player/75188/martina-repiska","68819, 75188"
284,IND / IND,"Tushar SHARMA, Tapaswini SAMANTARAY",-3,0 - 0,$450.00,"3,640 / 2","https://bwfbadminton.com/player/91340/tushar-sharma,https://bwfbadminton.com/player/74463/tapaswini-samantaray","91340, 74463"
285,IND / IND,"K. Nandagopal, Mahima AGGARWAL",-3,0 - 0,"$1,561.23","3,600 / 2","https://bwfbadminton.com/player/74005/k-nandagopal,https://bwfbadminton.com/player/72445/mahima-aggarwal","74005, 72445"
286,SCO / ENG,"Adam HALL, Lauren SMITH",-3,0 - 0,"$4,555.88","3,600 / 1","https://bwfbadminton.com/player/85159/adam-hall,https://bwfbadminton.com/player/80918/lauren-smith","85159, 80918"
286,JPN / JPN,"Yuki KANEKO, Koharu YONEMOTO",-3,0 - 0,"$10,614.03","3,600 / 1","https://bwfbadminton.com/player/95761/yuki-kaneko,https://bwfbadminton.com/player/26238/koharu-yonemoto","95761, 26238"
288,NZL / NZL,"Dhanny OUD, Jasmin Chung Man NG",-3,0 - 7,$9.38,"3,580 / 2","https://bwfbadminton.com/player/66664/dhanny-oud,https://bwfbadminton.com/player/78979/jasmin-chung-man-ng","66664, 78979"
289,DEN / DEN,"Morten Skroeder BOEDSKOV, Nanna VESTERGAARD",-3,6 - 3,$0.00,"3,570 / 2","https://bwfbadminton.com/player/93032/morten-skroeder-boedskov,https://bwfbadminton.com/player/98980/nanna-vestergaard","93032, 98980"
289,INA / INA,"Rian SWASTEDIAN, Masita MAHMUDIN",-3,8 - 3,"$3,749.68","3,570 / 2","https://bwfbadminton.com/player/73606/rian-swastedian,https://bwfbadminton.com/player/73134/masita-mahmudin","73606, 73134"
291,CZE / CZE,"Pavel DRANCAK, Michaela FUCHSOVA",-3,2 - 3,$0.00,"3,530 / 4","https://bwfbadminton.com/player/36010/pavel-drancak,https://bwfbadminton.com/player/58763/michaela-fuchsova","36010, 58763"
292,TUR / TUR,"AhmetCan ORUC, Neslihan KILIC",-3,0 - 0,$279.37,"3,500 / 2","https://bwfbadminton.com/player/58323/ahmetcan-oruc,https://bwfbadminton.com/player/87550/neslihan-kilic","58323, 87550"
293,RUS / RUS,"Denis GRACHEV, Ekaterina MALKOVA",-3,5 - 0,"$2,331.73","3,490 / 2","https://bwfbadminton.com/player/53663/denis-grachev,https://bwfbadminton.com/player/81907/ekaterina-malkova","53663, 81907"
294,NZL / NZL,"Daxxon VONG, Erena CALDER -HAWKINS",-3,0 - 0,$58.00,"3,480 / 2","https://bwfbadminton.com/player/96755/daxxon-vong,https://bwfbadminton.com/player/76259/erena-calder-hawkins","96755, 76259"
295,MRI / MRI,"Georges Julien PAUL, Kate FOO KUNE",-3,5 - 2,"$1,494.18","3,402 / 2","https://bwfbadminton.com/player/64839/georges-julien-paul,https://bwfbadminton.com/player/42679/kate-foo-kune","64839, 42679"
296,KOR / KOR,"PARK Kyung Hoon, KONG Heeyong",-3,0 - 0,"$2,293.12","3,400 / 1","https://bwfbadminton.com/player/90746/park-kyung-hoon,https://bwfbadminton.com/player/71391/kong-heeyong","90746, 71391"
296,RUS / RUS,"Vasily KUZNETSOV, Ekaterina MALKOVA",-3,0 - 0,"$2,855.98","3,400 / 1","https://bwfbadminton.com/player/33253/vasily-kuznetsov,https://bwfbadminton.com/player/81907/ekaterina-malkova","33253, 81907"
298,GER / GER,"Fabian HOLZER, Lara KAEPPLEIN",-3,0 - 0,$385.00,"3,390 / 3","https://bwfbadminton.com/player/8453/fabian-holzer,https://bwfbadminton.com/player/88659/lara-kaepplein","8453, 88659"
299,SRI / SRI,"Sachin DIAS, Thilini HENDAHEWA",-3,0 - 0,$0.00,"3,350 / 3","https://bwfbadminton.com/player/83966/sachin-dias,https://bwfbadminton.com/player/79705/thilini-hendahewa","83966, 79705"
300,SRB / SRB,"Igor BJELAN, Milica SIMIC",-3,6 - 8,$0.00,"3,340 / 5","https://bwfbadminton.com/player/39443/igor-bjelan,https://bwfbadminton.com/player/60182/milica-simic","39443, 60182"
301,INA / INA,"Hendra TANDJAYA, Cynthia Shara AYUNIDHA",-3,0 - 0,$0.00,"3,340 / 2","https://bwfbadminton.com/player/74114/hendra-tandjaya,https://bwfbadminton.com/player/96887/cynthia-shara-ayunidha","74114, 96887"
301,INA / INA,"Androw YUNANTO, AZISAH Syafitri Nur",-3,0 - 0,$54.37,"3,340 / 2","https://bwfbadminton.com/player/97427/androw-yunanto,https://bwfbadminton.com/player/36356/azisah-syafitri-nur","97427, 36356"
301,INA / INA,"Trikusuma WARDHANA, Aprilsasi Putri LEJARSAR VARIELLA",-3,0 - 0,"$1,764.38","3,340 / 2","https://bwfbadminton.com/player/55757/trikusuma-wardhana,https://bwfbadminton.com/player/28745/aprilsasi-putri-lejarsar-variella","55757, 28745"
304,INA / INA,"Erwin Rendana PURNOMO, Dewi Setyo RAHMAWATI",-3,2 - 3,$506.25,"3,270 / 2","https://bwfbadminton.com/player/88439/erwin-rendana-purnomo,https://bwfbadminton.com/player/87077/dewi-setyo-rahmawati","88439, 87077"
304,EGY / EGY,"Abdelrahman ABDELHAKIM, Nadine ASHRAF",-3,6 - 9,$642.50,"3,270 / 2","https://bwfbadminton.com/player/80259/abdelrahman-abdelhakim,https://bwfbadminton.com/player/71367/nadine-ashraf","80259, 71367"
306,IND /  / IND,"Aditya NAIR, Deeksha CHOUDHARY",-3,0 - 0,$0.00,"3,190 / 2","https://bwfbadminton.com/player/75706/aditya-nair,https://bwfbadminton.com/player/62285/deeksha-choudhary","75706, 62285"
306,THA / THA,"Panachai WORASAKTAYANAN, Ruethaichanok LAISUAN",-3,0 - 2,$246.55,"3,190 / 2","https://bwfbadminton.com/player/73494/panachai-worasaktayanan,https://bwfbadminton.com/player/96990/ruethaichanok-laisuan","73494, 96990"
306,UKR / UKR,"Gennadiy NATAROV, Natalya VOYTSEKH",-3,7 - 9,$804.37,"3,190 / 2","https://bwfbadminton.com/player/24056/gennadiy-natarov,https://bwfbadminton.com/player/76910/natalya-voytsekh","24056, 76910"
309,JPN / JPN,"Katsunori ITO, Natsumi URATANI",-3,0 - 0,$0.00,"3,140 / 2","https://bwfbadminton.com/player/95241/katsunori-ito,https://bwfbadminton.com/player/63266/natsumi-uratani","95241, 63266"
309,AUS / AUS,"Michael FARIMAN, Sylvina KURNIAWAN",+501,1 - 1,$361.87,"3,140 / 2","https://bwfbadminton.com/player/80176/michael-fariman,https://bwfbadminton.com/player/54148/sylvina-kurniawan","80176, 54148"
311,CHN / CHN,"ZHUGE Lukai, PAN Beibei",-4,0 - 0,$145.00,"3,120 / 2","https://bwfbadminton.com/player/56656/zhuge-lukai,https://bwfbadminton.com/player/62704/pan-beibei","56656, 62704"
311,JOR / JOR,"Mohd Naser Mansour NAYEF, Haneen Derar AL-WEDYAN",-4,0 - 0,$172.61,"3,120 / 2","https://bwfbadminton.com/player/53490/mohd-naser-mansour-nayef,https://bwfbadminton.com/player/89134/haneen-derar-al-wedyan","53490, 89134"
311,INA / INA,"M. Robby DARWIS, Monika INSANI",-4,0 - 1,$182.50,"3,120 / 2","https://bwfbadminton.com/player/86497/m-robby-darwis,https://bwfbadminton.com/player/72583/monika-insani","86497, 72583"
314,UGA / UGA,"Isaac SENFUKA, Gladys MBABAZI",-4,0 - 1,$0.00,"3,100 / 3","https://bwfbadminton.com/player/98457/isaac-senfuka,https://bwfbadminton.com/player/86234/gladys-mbabazi","98457, 86234"
315,BAR / BAR,"Dakeil Jonathan THORPE, Tamisha WILLIAMS",-4,0 - 0,$28.12,"3,070 / 2","https://bwfbadminton.com/player/61939/dakeil-jonathan-thorpe,https://bwfbadminton.com/player/72058/tamisha-williams","61939, 72058"
316,IRL / IRL,"Ciaran CHAMBERS, Sinead CHAMBERS",-4,16 - 22,$0.00,"3,040 / 5","https://bwfbadminton.com/player/93832/ciaran-chambers,https://bwfbadminton.com/player/47135/sinead-chambers","93832, 47135"
317,IND / IND,"DHRUV KAPILA, JAKKAMPUDI Meghana",-4,0 - 0,$255.62,"3,040 / 2","https://bwfbadminton.com/player/57372/dhruv-kapila,https://bwfbadminton.com/player/59206/jakkampudi-meghana","57372, 59206"
317,GER / RUS,"Daniel BENZ, Natalia ROGOVA",-4,0 - 0,$5.62,"3,040 / 2","https://bwfbadminton.com/player/53949/daniel-benz,https://bwfbadminton.com/player/81647/natalia-rogova","53949, 81647"
319,AUS / AUS,"Toby WONG, Claudia LAM",-4,0 - 0,$58.12,"3,030 / 2","https://bwfbadminton.com/player/82379/toby-wong,https://bwfbadminton.com/player/80376/claudia-lam","82379, 80376"
319,NZL / NZL,"Niccolo TAGLE, Anona PAK",-4,0 - 0,$441.25,"3,030 / 2","https://bwfbadminton.com/player/82961/niccolo-tagle,https://bwfbadminton.com/player/57325/anona-pak","82961, 57325"
319,USA / USA,"Mathew FOGARTY, Isabel ZHONG",-4,0 - 0,$124.37,"3,030 / 2","https://bwfbadminton.com/player/11268/mathew-fogarty,https://bwfbadminton.com/player/52636/isabel-zhong","11268, 52636"
322,AUS / AUS,"Huaidong TANG, Jennifer TAM",-4,0 - 0,$0.00,"3,030 / 1","https://bwfbadminton.com/player/58073/huaidong-tang,https://bwfbadminton.com/player/57665/jennifer-tam","58073, 57665"
322,JPN / JPN,"Yoshinori TAKEUCHI, Ayako SAKURAMOTO",-4,0 - 0,$398.76,"3,030 / 1","https://bwfbadminton.com/player/89680/yoshinori-takeuchi,https://bwfbadminton.com/player/83211/ayako-sakuramoto","89680, 83211"
322,IND / IND,"REDDY B. Sumeeth, JAKKAMPUDI Meghana",-4,0 - 0,"$4,378.75","3,030 / 1","https://bwfbadminton.com/player/24172/reddy-b-sumeeth,https://bwfbadminton.com/player/59206/jakkampudi-meghana","24172, 59206"
322,BRA / BRA,"Artur Silva POMOCENO, Mariana Pedrol FREITAS",-4,0 - 0,$695.94,"3,030 / 1","https://bwfbadminton.com/player/77631/artur-silva-pomoceno,https://bwfbadminton.com/player/95963/mariana-pedrol-freitas","77631, 95963"
322,INA / INA,"Edi SUBAKTIAR, Masita MAHMUDIN",-4,0 - 0,"$32,237.05","3,030 / 1","https://bwfbadminton.com/player/77978/edi-subaktiar,https://bwfbadminton.com/player/73134/masita-mahmudin","77978, 73134"
322,INA / CAN,"Andrei ADISTIA, Brittney TAM",-4,2 - 1,"$4,427.81","3,030 / 1","https://bwfbadminton.com/player/95748/andrei-adistia,https://bwfbadminton.com/player/97087/brittney-tam","95748, 97087"
322,BRA / BRA,"Lucas GILINSKI, Manoela KOEPSEL",-4,0 - 1,$436.26,"3,030 / 1","https://bwfbadminton.com/player/61300/lucas-gilinski,https://bwfbadminton.com/player/57491/manoela-koepsel","61300, 57491"
322,IND / IND,"ATTRI Manu, Ashwini PONNAPPA",-4,9 - 4,"$15,449.99","3,030 / 1","https://bwfbadminton.com/player/59803/attri-manu,https://bwfbadminton.com/player/49765/ashwini-ponnappa","59803, 49765"
322,GUA / GUA,"Ruben CASTELLANOS, Nikte Alejandra SOTOMAYOR",-4,0 - 0,"$1,675.71","3,030 / 1","https://bwfbadminton.com/player/90459/ruben-castellanos,https://bwfbadminton.com/player/17774/nikte-alejandra-sotomayor","90459, 17774"
331,CAN / CAN,"B. R. Sankeerth, Chloe ROWE",-4,0 - 2,$0.00,"2,960 / 2","https://bwfbadminton.com/player/61819/b-r-sankeerth,https://bwfbadminton.com/player/81184/chloe-rowe","61819, 81184"
331,TPE / TPE,"LU Ching Yao, HUANG Mei Ching",-4,1 - 2,"$4,464.97","2,960 / 2","https://bwfbadminton.com/player/56746/lu-ching-yao,https://bwfbadminton.com/player/24351/huang-mei-ching","56746, 24351"
331,AUT / AUT,"David OBERNOSTERER, Elisabeth BALDAUF",-4,48 - 24,"$6,599.09","2,960 / 2","https://bwfbadminton.com/player/54459/david-obernosterer,https://bwfbadminton.com/player/85440/elisabeth-baldauf","54459, 85440"
334,TPE / TPE,"Fang-Chih LEE, PENG Li Ting",-4,0 - 0,$53.25,"2,950 / 3","https://bwfbadminton.com/player/57424/fang-chih-lee,https://bwfbadminton.com/player/70347/peng-li-ting","57424, 70347"
335,RUS / RUS,"Rodion KARGAEV, Ekaterina MALKOVA",-4,28 - 27,"$2,314.23","2,930 / 5","https://bwfbadminton.com/player/77919/rodion-kargaev,https://bwfbadminton.com/player/81907/ekaterina-malkova","77919, 81907"
336,DEN / DEN,"Jeppe LUDVIGSEN, Astrid MOLANDER",-4,0 - 0,$500.00,"2,920 / 2","https://bwfbadminton.com/player/86259/jeppe-ludvigsen,https://bwfbadminton.com/player/95344/astrid-molander","86259, 95344"
337,DEN / DEN,"Mads Emil CHRISTENSEN, Cecilie SENTOW",-4,7 - 7,$0.00,"2,840 / 3","https://bwfbadminton.com/player/64386/mads-emil-christensen,https://bwfbadminton.com/player/70314/cecilie-sentow","64386, 70314"
338,NZL / HKG,"CHAN Alan Yun Lung, WU Yi Ting",-4,0 - 0,"$21,743.62","2,830 / 3","https://bwfbadminton.com/player/3907/chan-alan-yun-lung,https://bwfbadminton.com/player/64298/wu-yi-ting","3907, 64298"
339,NOR / NOR,"Carl Christian MORK, Elisa WIBORG",-4,0 - 8,$0.00,"2,820 / 6","https://bwfbadminton.com/player/73244/carl-christian-mork,https://bwfbadminton.com/player/92893/elisa-wiborg","73244, 92893"
340,EGY / EGY,"Adham Hatem ELGAMAL, Doha HANY",-4,0 - 0,$88.12,"2,800 / 1","https://bwfbadminton.com/player/72466/adham-hatem-elgamal,https://bwfbadminton.com/player/61746/doha-hany","72466, 61746"
340,PER / PER,"Nicolas MACIAS, Micaela Fernanda CASTILLO SALAZAR",-4,0 - 0,$312.81,"2,800 / 1","https://bwfbadminton.com/player/91087/nicolas-macias,https://bwfbadminton.com/player/81867/micaela-fernanda-castillo-salazar","91087, 81867"
340,INA / INA,"Rinov RIVALDY, Winny Oktavina KANDOW",-4,0 - 0,$572.00,"2,800 / 1","https://bwfbadminton.com/player/88451/rinov-rivaldy,https://bwfbadminton.com/player/77284/winny-oktavina-kandow","88451, 77284"
340,CHN / CHN,"HAN Cheng Kai, DU Yue",-4,0 - 0,"$11,354.38","2,800 / 1","https://bwfbadminton.com/player/66491/han-cheng-kai,https://bwfbadminton.com/player/65984/du-yue","66491, 65984"
340,CHN / CHN,"ZHOU Zhe, CHEN Lu",-4,0 - 0,"$5,060.00","2,800 / 1","https://bwfbadminton.com/player/71198/zhou-zhe,https://bwfbadminton.com/player/72349/chen-lu","71198, 72349"
340,USA / USA,"Khan bob MALAYTHONG, Jing Yu HONG",-4,0 - 0,"$1,037.80","2,800 / 1","https://bwfbadminton.com/player/11257/khan-bob-malaythong,https://bwfbadminton.com/player/61378/jing-yu-hong","11257, 61378"
340,INA / INA,"Rian SWASTEDIAN, Brigita Marcelia RUMAMBI",-4,0 - 0,$811.25,"2,800 / 1","https://bwfbadminton.com/player/73606/rian-swastedian,https://bwfbadminton.com/player/71019/brigita-marcelia-rumambi","73606, 71019"
340,BRN / INA,"Heri SETIAWAN, Aprilsasi Putri LEJARSAR VARIELLA",-4,0 - 0,"$2,427.49","2,800 / 1","https://bwfbadminton.com/player/58686/heri-setiawan,https://bwfbadminton.com/player/28745/aprilsasi-putri-lejarsar-variella","58686, 28745"
340,BRA / BRA,"Luiz dos SANTOS, Mariana Pedrol FREITAS",-4,0 - 1,$711.86,"2,800 / 1","https://bwfbadminton.com/player/36925/luiz-dos-santos,https://bwfbadminton.com/player/95963/mariana-pedrol-freitas","36925, 95963"
340,MAS / MAS,"TAN Wee Gieen, PECK Yen Wei",-4,3 - 5,"$1,449.06","2,800 / 1","https://bwfbadminton.com/player/67677/tan-wee-gieen,https://bwfbadminton.com/player/64966/peck-yen-wei","67677, 64966"
350,AUS / AUS,"Jonathan SUN, Jennifer TAM",+732,2 - 3,$0.00,"2,770 / 2","https://bwfbadminton.com/player/94267/jonathan-sun,https://bwfbadminton.com/player/57665/jennifer-tam","94267, 57665"
351,MAS / MAS,"Mohd Razlan Shah MOHD RIDZUAN SHAH, Sannatasah SANIRU",-5,0 - 0,"$1,332.48","2,760 / 3","https://bwfbadminton.com/player/95336/mohd-razlan-shah-mohd-ridzuan-shah,https://bwfbadminton.com/player/54151/sannatasah-saniru","95336, 54151"
351,INA / INA,"Hiski RUMENGAN, Natasha HERLOARDJO",-5,0 - 1,$18.75,"2,760 / 3","https://bwfbadminton.com/player/88437/hiski-rumengan,https://bwfbadminton.com/player/87666/natasha-herloardjo","88437, 87666"
351,CHI / CHI,"Ivan LEON, Camila MACAYA",-5,11 - 12,$533.22,"2,760 / 3","https://bwfbadminton.com/player/85008/ivan-leon,https://bwfbadminton.com/player/34449/camila-macaya","85008, 34449"
354,RSA / RSA,"Michael JENNINGS, Johanita SCHOLTZ",-5,0 - 0,$0.00,"2,740 / 2","https://bwfbadminton.com/player/74268/michael-jennings,https://bwfbadminton.com/player/75193/johanita-scholtz","74268, 75193"
355,DEN / DEN,"Anders Skaarup RASMUSSEN, Maiken FRUERGAARD",-5,2 - 2,"$14,955.00","2,730 / 2","https://bwfbadminton.com/player/44414/anders-skaarup-rasmussen,https://bwfbadminton.com/player/70042/maiken-fruergaard","44414, 70042"
356,GER / GER,"Jones Ralfy JANSEN, Olga ROJ",-5,0 - 0,"$4,062.24","2,720 / 1","https://bwfbadminton.com/player/88726/jones-ralfy-jansen,https://bwfbadminton.com/player/15323/olga-roj","88726, 15323"
356,CHN / CHN,"FAN Qiu Yue, SHEN Lingjie",-5,0 - 0,"$1,450.00","2,720 / 1","https://bwfbadminton.com/player/96207/fan-qiu-yue,https://bwfbadminton.com/player/98803/shen-lingjie","96207, 98803"
356,TPE / TPE,"LIAO Kuan Hao, CHANG Ching  Hui",-5,0 - 0,"$1,960.30","2,720 / 1","https://bwfbadminton.com/player/96645/liao-kuan-hao,https://bwfbadminton.com/player/75270/chang-ching-hui","96645, 75270"
356,THA / THA,"Nanthakarn YORDPHAISONG, Rawinda PRAJONGJAI",-5,0 - 0,$517.81,"2,720 / 1","https://bwfbadminton.com/player/77912/nanthakarn-yordphaisong,https://bwfbadminton.com/player/84669/rawinda-prajongjai","77912, 84669"
356,THA / THA,"Tanupat VIRIYANGKURA, Alisa SAPNITI",-5,0 - 0,"$1,063.43","2,720 / 1","https://bwfbadminton.com/player/74233/tanupat-viriyangkura,https://bwfbadminton.com/player/99411/alisa-sapniti","74233, 99411"
356,IND / IND,"Ketan CHAHAL, Mohita SAHDEV",-5,0 - 0,"$1,586.25","2,720 / 1","https://bwfbadminton.com/player/56508/ketan-chahal,https://bwfbadminton.com/player/48127/mohita-sahdev","56508, 48127"
356,IND / IND,"Purshottam AWATE, Nimmi PATEL",-5,0 - 0,$478.12,"2,720 / 1","https://bwfbadminton.com/player/75762/purshottam-awate,https://bwfbadminton.com/player/64426/nimmi-patel","75762, 64426"
356,INA / INA,"Satrya ADITHA, Aghisna Fathkul LAILI",-5,0 - 0,$450.00,"2,720 / 1","https://bwfbadminton.com/player/95619/satrya-aditha,https://bwfbadminton.com/player/67947/aghisna-fathkul-laili","95619, 67947"
356,KOR / KOR,"Sang Joon LEE, KIM Hye Jeong",-5,0 - 0,"$2,011.24","2,720 / 1","https://bwfbadminton.com/player/74831/sang-joon-lee,https://bwfbadminton.com/player/83419/kim-hye-jeong","74831, 83419"
356,TPE / TPE,"LIN Chia Yu, HSU Ya Ching",-5,0 - 0,"$8,803.11","2,720 / 1","https://bwfbadminton.com/player/66194/lin-chia-yu,https://bwfbadminton.com/player/74561/hsu-ya-ching","66194, 74561"
356,KOR / KOR,"CHUNG Eui Seok, CHAE YuJung",-5,0 - 0,"$54,169.36","2,720 / 1","https://bwfbadminton.com/player/99472/chung-eui-seok,https://bwfbadminton.com/player/93074/chae-yujung","99472, 93074"
356,INA / INA,"Yohanes Rendy SUGIARTO, Ana ROVITA",-5,0 - 0,$487.50,"2,720 / 1","https://bwfbadminton.com/player/40517/yohanes-rendy-sugiarto,https://bwfbadminton.com/player/48714/ana-rovita","40517, 48714"
356,INA / INA,"Reinard DHANRIANO, Yulfira BARKAH",-5,0 - 0,$654.99,"2,720 / 1","https://bwfbadminton.com/player/90553/reinard-dhanriano,https://bwfbadminton.com/player/77784/yulfira-barkah","90553, 77784"
356,CAN / CAN,"DONG Adam (Xingyu), Qingzi OUYANG",-5,0 - 1,$196.87,"2,720 / 1","https://bwfbadminton.com/player/58539/dong-adam-xingyu,https://bwfbadminton.com/player/77798/qingzi-ouyang","58539, 77798"
356,CHN / CHN,"ZHOU Hao Dong, HU Yuxiang",-5,1 - 1,"$2,518.75","2,720 / 1","https://bwfbadminton.com/player/61160/zhou-hao-dong,https://bwfbadminton.com/player/64113/hu-yuxiang","61160, 64113"
356,TPE / TPE,"CHEN Hung Ling, HU Ling Fang",-5,6 - 5,"$74,430.98","2,720 / 1","https://bwfbadminton.com/player/53613/chen-hung-ling,https://bwfbadminton.com/player/87176/hu-ling-fang","53613, 87176"
356,KOR / KOR,"KIM Jaehwan, KIM Soyeong",-5,1 - 4,"$12,219.38","2,720 / 1","https://bwfbadminton.com/player/77618/kim-jaehwan,https://bwfbadminton.com/player/55874/kim-soyeong","77618, 55874"
356,CHN / CHN,"LI Jun Hui, ZHONG Qianxin",-5,1 - 2,"$7,956.25","2,720 / 1","https://bwfbadminton.com/player/79059/li-jun-hui,https://bwfbadminton.com/player/86765/zhong-qianxin","79059, 86765"
356,KOR / KOR,"BAE Kwon Young, YOO Chae Ran",-5,1 - 2,"$8,858.12","2,720 / 1","https://bwfbadminton.com/player/85203/bae-kwon-young,https://bwfbadminton.com/player/79061/yoo-chae-ran","85203, 79061"
356,IND / IND,"ATTRI Manu, Jwala GUTTA",-5,0 - 0,"$53,072.50","2,720 / 1","https://bwfbadminton.com/player/59803/attri-manu,https://bwfbadminton.com/player/50884/jwala-gutta","59803, 50884"
376,ENG / ENG,"Ryan Jing QUEK, Meera SIVAKUMARAN",-5,1 - 3,$0.00,"2,680 / 4","https://bwfbadminton.com/player/61837/ryan-jing-quek,https://bwfbadminton.com/player/62968/meera-sivakumaran","61837, 62968"
377,USA / MEX,"Humberto AGUIRRE FAJARDO, Yesenia DUARTE",-5,0 - 1,$187.50,"2,670 / 2","https://bwfbadminton.com/player/78628/humberto-aguirre-fajardo,https://bwfbadminton.com/player/66876/yesenia-duarte","78628, 66876"
378,CUB / CUB,"Ernesto REYES, Adriana ARTIZ ATAURY",-5,0 - 0,$0.00,"2,660 / 2","https://bwfbadminton.com/player/89178/ernesto-reyes,https://bwfbadminton.com/player/88009/adriana-artiz-ataury","89178, 88009"
378,NZL / NZL,"Jonathan CURTIN, Kelly STERN",-5,0 - 0,$39.38,"2,660 / 2","https://bwfbadminton.com/player/91659/jonathan-curtin,https://bwfbadminton.com/player/25844/kelly-stern","91659, 25844"
378,AUS / AUS,"Anthony JOE, Joy LAI",-5,5 - 2,$58.12,"2,660 / 2","https://bwfbadminton.com/player/58754/anthony-joe,https://bwfbadminton.com/player/91611/joy-lai","58754, 91611"
378,NCL / NCL,"Joey SANTINO, Cecilia MOUSSY",-5,1 - 2,$0.00,"2,660 / 2","https://bwfbadminton.com/player/45077/joey-santino,https://bwfbadminton.com/player/54920/cecilia-moussy","45077, 54920"
382,BUL / BUL,"Lilian MIHAYLOV, Petya NEDELCHEVA",-4,4 - 0,$292.63,"2,650 / 3","https://bwfbadminton.com/player/67331/lilian-mihaylov,https://bwfbadminton.com/player/12765/petya-nedelcheva","67331, 12765"
383,FRA / FRA,"Fabien DELRUE, Juliette MOINARD",-3,5 - 2,$0.00,"2,620 / 2","https://bwfbadminton.com/player/91739/fabien-delrue,https://bwfbadminton.com/player/75759/juliette-moinard","91739, 75759"
384,JPN / JPN,"Kohei GONDO, Wakana NAGAHARA",-3,0 - 0,"$5,248.12","2,590 / 2","https://bwfbadminton.com/player/93569/kohei-gondo,https://bwfbadminton.com/player/77832/wakana-nagahara","93569, 77832"
384,INA / INA,"Rian SWASTEDIAN, Syifa FAUZIAH",-3,0 - 0,$835.62,"2,590 / 2","https://bwfbadminton.com/player/73606/rian-swastedian,https://bwfbadminton.com/player/66714/syifa-fauziah","73606, 66714"
384,EST / EST,"Raul KÄSNER, Helina RÜÜTEL",-3,2 - 2,$0.00,"2,590 / 2","https://bwfbadminton.com/player/54753/raul-kAesner,https://bwfbadminton.com/player/75821/helina-rUeUetel","54753, 75821"
387,FIN / FIN,"Julius VON PFALER, Tuuli HÄRKÖNEN",-3,5 - 7,$0.00,"2,570 / 4","https://bwfbadminton.com/player/80278/julius-von-pfaler,https://bwfbadminton.com/player/95544/tuuli-hAerkOenen","80278, 95544"
388,HKG / HKG,"LAW Cheuk Him, NG Wing Yung",-3,0 - 0,$93.75,"2,550 / 2","https://bwfbadminton.com/player/62282/law-cheuk-him,https://bwfbadminton.com/player/87616/ng-wing-yung","62282, 87616"
388,POR / POR,"Duarte Nuno ANJO, Sofia SETIM",-3,0 - 0,$145.00,"2,550 / 2","https://bwfbadminton.com/player/64631/duarte-nuno-anjo,https://bwfbadminton.com/player/66743/sofia-setim","64631, 66743"
390,JPN / JPN,"Yoshinori TAKEUCHI, Yukiko TAKAHATA",-3,0 - 0,$199.38,"2,540 / 2","https://bwfbadminton.com/player/89680/yoshinori-takeuchi,https://bwfbadminton.com/player/63277/yukiko-takahata","89680, 63277"
391,KOR / KOR,"JUNG Jung Young, Hye Ryeon KO",0,0 - 0,$0.00,"2,500 / 1","https://bwfbadminton.com/player/53330/jung-jung-young,https://bwfbadminton.com/player/76794/hye-ryeon-ko","53330, 76794"
391,AUT / MEX,"Vilson VATTANIRAPPEL, Cynthia GONZALEZ",-3,0 - 0,"$1,872.59","2,500 / 1","https://bwfbadminton.com/player/78464/vilson-vattanirappel,https://bwfbadminton.com/player/24247/cynthia-gonzalez","78464, 24247"
391,TPE / TPE,"YANG Ming-Tse, LEE Chia Hsin",-3,2 - 1,"$6,023.98","2,500 / 1","https://bwfbadminton.com/player/60516/yang-ming-tse,https://bwfbadminton.com/player/76717/lee-chia-hsin","60516, 76717"
394,TUR / TUR,"Bahadir Kaan KOLA, Busra YALÇINKAYA",-4,6 - 4,$0.00,"2,440 / 3","https://bwfbadminton.com/player/77697/bahadir-kaan-kola,https://bwfbadminton.com/player/69847/busra-yal%C3%87inkaya","77697, 69847"
395,PER / PER,"Rodrigo CAMOGLIANO TELGE, Micaela FLORES VASQUEZ DE VELASCO",-4,0 - 0,$138.44,"2,440 / 2","https://bwfbadminton.com/player/80411/rodrigo-camogliano-telge,https://bwfbadminton.com/player/97366/micaela-flores-vasquez-de-velasco","80411, 97366"
395,CHN / CHN,"CHEN Sihang, JIANG Binbin",-4,0 - 0,$340.62,"2,440 / 2","https://bwfbadminton.com/player/99535/chen-sihang,https://bwfbadminton.com/player/79756/jiang-binbin","99535, 79756"
395,CHN / CHN,"YUAN Ao, YANG Yiling",-4,2 - 1,$22.50,"2,440 / 2","https://bwfbadminton.com/player/75021/yuan-ao,https://bwfbadminton.com/player/75292/yang-yiling","75021, 75292"
398,FIN / FIN,"Oskari LARKIMO, Noora AHOLA",-4,0 - 0,$0.00,"2,390 / 3","https://bwfbadminton.com/player/63510/oskari-larkimo,https://bwfbadminton.com/player/60822/noora-ahola","63510, 60822"
398,THA / THA,"Praranat PRAPUTTHAM, Atitaya POVANON",-4,0 - 0,$0.00,"2,390 / 3","https://bwfbadminton.com/player/94106/praranat-praputtham,https://bwfbadminton.com/player/59892/atitaya-povanon","94106, 59892"
398,HUN / HUN,"Pal PADAR, Daniella GONDA",-4,0 - 0,$0.00,"2,390 / 3","https://bwfbadminton.com/player/57837/pal-padar,https://bwfbadminton.com/player/98804/daniella-gonda","57837, 98804"
401,DEN / DEN,"Jeppe BAY, Cecilie FINNE-IPSEN",-4,4 - 3,$0.00,"2,360 / 3","https://bwfbadminton.com/player/69316/jeppe-bay,https://bwfbadminton.com/player/76197/cecilie-finne-ipsen","69316, 76197"
402,SUR / SUR,"Gilmar JONES, Priscila TJITRODIPO",-4,0 - 0,$0.00,"2,350 / 2","https://bwfbadminton.com/player/53480/gilmar-jones,https://bwfbadminton.com/player/53479/priscila-tjitrodipo","53480, 53479"
403,SWE / SWE,"Tim FOO, Moa SJOO",-4,0 - 0,$181.25,"2,300 / 2","https://bwfbadminton.com/player/53847/tim-foo,https://bwfbadminton.com/player/86455/moa-sjoo","53847, 86455"
403,PAK / PAK,"Rizwan AZAM, Sara MOHMAND",-4,5 - 5,"$3,058.98","2,300 / 2","https://bwfbadminton.com/player/54214/rizwan-azam,https://bwfbadminton.com/player/54220/sara-mohmand","54214, 54220"
405,IND / IND,"Ashwini PONNAPPA, Satwiksairaj RANKIREDDY",+1042,0 - 0,"$12,966.62","2,297 / 2","https://bwfbadminton.com/player/49765/ashwini-ponnappa,https://bwfbadminton.com/player/72435/satwiksairaj-rankireddy","49765, 72435"
406,TPE / TPE,"CHEN Shiau Cheng, CHIANG Yi-Hsuan",-5,0 - 0,$0.00,"2,290 / 2","https://bwfbadminton.com/player/86137/chen-shiau-cheng,https://bwfbadminton.com/player/76443/chiang-yi-hsuan","86137, 76443"
406,GUA /  / GUA,"Christopher Alexander MARTINEZ SALVADOR, Diana CORLETO SOTO",-5,0 - 0,$56.24,"2,290 / 2","https://bwfbadminton.com/player/93205/christopher-alexander-martinez-salvador,https://bwfbadminton.com/player/56401/diana-corleto-soto","93205, 56401"
406,DEN / DEN,"Steve OLESEN, Sandra-Maria JENSEN",-5,0 - 0,$0.00,"2,290 / 2","https://bwfbadminton.com/player/84444/steve-olesen,https://bwfbadminton.com/player/69707/sandra-maria-jensen","84444, 69707"
406,SWE / DEN,"Jacob NILSSON, Irina Amalie ANDERSEN",-5,0 - 0,$0.00,"2,290 / 2","https://bwfbadminton.com/player/76972/jacob-nilsson,https://bwfbadminton.com/player/96276/irina-amalie-andersen","76972, 96276"
406,VIE / VIE,"DO Van Nhan, Thi Phuong Hong DINH",-5,0 - 0,$43.50,"2,290 / 2","https://bwfbadminton.com/player/78086/do-van-nhan,https://bwfbadminton.com/player/94428/thi-phuong-hong-dinh","78086, 94428"
406,SCO / SCO,"Alexander DUNN, Eleanor O'DONNELL",-5,0 - 0,$103.12,"2,290 / 2","https://bwfbadminton.com/player/67922/alexander-dunn,https://bwfbadminton.com/player/79334/eleanor-o-donnell","67922, 79334"
406,MRI / MRI,"Tejraj PULTOO, Sendila MOURAT",-5,0 - 1,$0.00,"2,290 / 2","https://bwfbadminton.com/player/82700/tejraj-pultoo,https://bwfbadminton.com/player/95613/sendila-mourat","82700, 95613"
406,TPE / TPE,"CHEN Chun-Wei, CHEN Su Yu",-5,0 - 2,$112.24,"2,290 / 2","https://bwfbadminton.com/player/91461/chen-chun-wei,https://bwfbadminton.com/player/71673/chen-su-yu","91461, 71673"
414,FIN / FIN,"Jesper PAUL, Elina NIIRANEN",-5,2 - 2,$0.00,"2,270 / 3","https://bwfbadminton.com/player/56160/jesper-paul,https://bwfbadminton.com/player/77715/elina-niiranen","56160, 77715"
415,TUR / TUR,"Osman UYHAN, Aliye DEMIRBAG",-5,0 - 0,$0.00,"2,250 / 2","https://bwfbadminton.com/player/59082/osman-uyhan,https://bwfbadminton.com/player/98643/aliye-demirbag","59082, 98643"
416,INA / INA,"Fachryza ABIMANYU, Brigita Marcelia RUMAMBI",-5,0 - 0,$223.12,"2,220 / 2","https://bwfbadminton.com/player/69011/fachryza-abimanyu,https://bwfbadminton.com/player/71019/brigita-marcelia-rumambi","69011, 71019"
417,AUS / AUS,"Jacob SCHUELER, Celeste LEE",0,0 - 0,$0.00,"2,220 / 1","https://bwfbadminton.com/player/77792/jacob-schueler,https://bwfbadminton.com/player/71087/celeste-lee","77792, 71087"
417,JPN / JPN,"Takuro HOKI, Sayaka HIROTA",0,0 - 0,$82.49,"2,220 / 1","https://bwfbadminton.com/player/81657/takuro-hoki,https://bwfbadminton.com/player/94519/sayaka-hirota","81657, 94519"
417,AUS / AUS,"Wai Chun Hugo LUENG, Ho Ki (Verena) CHIM",0,0 - 0,$0.00,"2,220 / 1","https://bwfbadminton.com/player/82036/wai-chun-hugo-lueng,https://bwfbadminton.com/player/65469/ho-ki-verena-chim","82036, 65469"
417,IND / IND,"DHRUV KAPILA, Kuhoo GARG",-5,0 - 0,$225.00,"2,220 / 1","https://bwfbadminton.com/player/57372/dhruv-kapila,https://bwfbadminton.com/player/87012/kuhoo-garg","57372, 87012"
417,KOR / KOR,"Se Woong PARK, KIM Soyeong",-5,0 - 0,"$10,053.75","2,220 / 1","https://bwfbadminton.com/player/70297/se-woong-park,https://bwfbadminton.com/player/55874/kim-soyeong","70297, 55874"
417,JPN / JPN,"Ryota TAOHATA, Shizuka MATSUO",-5,0 - 0,"$24,663.11","2,220 / 1","https://bwfbadminton.com/player/36009/ryota-taohata,https://bwfbadminton.com/player/55111/shizuka-matsuo","36009, 55111"
417,FRA / SUI,"Baptiste CAREME, Sabrina JAQUET",-5,7 - 3,"$8,383.37","2,220 / 1","https://bwfbadminton.com/player/51837/baptiste-careme,https://bwfbadminton.com/player/54068/sabrina-jaquet","51837, 54068"
424,CAN / AUS,"Adrian LIU, Leanne CHOO",-8,0 - 0,"$5,407.79","2,210 / 2","https://bwfbadminton.com/player/87626/adrian-liu,https://bwfbadminton.com/player/33833/leanne-choo","87626, 33833"
424,ENG / ENG,"Sean VENDY, Emily WESTWOOD",-8,0 - 0,"$3,700.62","2,210 / 2","https://bwfbadminton.com/player/72478/sean-vendy,https://bwfbadminton.com/player/94149/emily-westwood","72478, 94149"
424,TPE / TPE,"LIN Shang Kai, YE Jing Ya",-8,0 - 0,$268.73,"2,210 / 2","https://bwfbadminton.com/player/78283/lin-shang-kai,https://bwfbadminton.com/player/61149/ye-jing-ya","78283, 61149"
424,TPE / TPE,"LU Chia Pin, PENG Li Ting",-8,0 - 0,"$2,329.36","2,210 / 2","https://bwfbadminton.com/player/86722/lu-chia-pin,https://bwfbadminton.com/player/70347/peng-li-ting","86722, 70347"
424,RUS / RUS,"Vladimir MALKOV, Julia ZAPOLSKAYA",-8,0 - 0,$793.12,"2,210 / 2","https://bwfbadminton.com/player/51682/vladimir-malkov,https://bwfbadminton.com/player/49317/julia-zapolskaya","51682, 49317"
429,BOT / BOT,"Tlhoego CHAMO, Botho MAKUBATE",-8,0 - 0,$0.00,"2,200 / 3","https://bwfbadminton.com/player/69952/tlhoego-chamo,https://bwfbadminton.com/player/87582/botho-makubate","69952, 87582"
430,JPN / JPN,"Keiichiro MATSUI, Nami MATSUYAMA",-8,0 - 0,$28.12,"2,200 / 1","https://bwfbadminton.com/player/74324/keiichiro-matsui,https://bwfbadminton.com/player/65212/nami-matsuyama","74324, 65212"
430,TPE / TPE,"CHEN Shiau Cheng, HU Ling Fang",-8,0 - 0,"$4,543.49","2,200 / 1","https://bwfbadminton.com/player/86137/chen-shiau-cheng,https://bwfbadminton.com/player/87176/hu-ling-fang","86137, 87176"
430,PER / PER,"Leonardo ISA, Daniela ZAPATA",-8,0 - 0,$255.61,"2,200 / 1","https://bwfbadminton.com/player/61257/leonardo-isa,https://bwfbadminton.com/player/63012/daniela-zapata","61257, 63012"
430,DEN / FRA,"Frederik COLBERG, Emilie LEFEL",-8,0 - 0,"$10,134.49","2,200 / 1","https://bwfbadminton.com/player/92294/frederik-colberg,https://bwfbadminton.com/player/54079/emilie-lefel","92294, 54079"
430,KOR / KOR,"Hwi Tae KIM, KIM Soyeong",-8,0 - 0,"$10,126.25","2,200 / 1","https://bwfbadminton.com/player/57260/hwi-tae-kim,https://bwfbadminton.com/player/55874/kim-soyeong","57260, 55874"
430,POL / POL,"Michal SZYMCZAK, Malgorzata JANIACZYK",-8,0 - 0,"$1,488.06","2,200 / 1","https://bwfbadminton.com/player/93985/michal-szymczak,https://bwfbadminton.com/player/15373/malgorzata-janiaczyk","93985, 15373"
430,POL / POL,"Milosz BOCHAT, Agnieszka WOJTKOWSKA",-8,0 - 0,"$9,047.88","2,200 / 1","https://bwfbadminton.com/player/72701/milosz-bochat,https://bwfbadminton.com/player/53383/agnieszka-wojtkowska","72701, 53383"
430,BRA / BRA,"Felippe Cury FONSECA, Paula PEREIRA",-8,0 - 0,"$1,491.52","2,200 / 1","https://bwfbadminton.com/player/64051/felippe-cury-fonseca,https://bwfbadminton.com/player/53980/paula-pereira","64051, 53980"
430,AUT / BRA,"Roman ZIRNWALD, Ana Paula CAMPOS",-8,0 - 0,"$2,247.52","2,200 / 1","https://bwfbadminton.com/player/13231/roman-zirnwald,https://bwfbadminton.com/player/92082/ana-paula-campos","13231, 92082"
430,BRA / BRA,"Francielton FARIAS, Jaqueline LIMA",-8,0 - 0,$173.12,"2,200 / 1","https://bwfbadminton.com/player/65478/francielton-farias,https://bwfbadminton.com/player/57457/jaqueline-lima","65478, 57457"
430,CHN / CHN,"ZHOU Bo Wei, WEI Yawen",-8,0 - 0,$11.25,"2,200 / 1","https://bwfbadminton.com/player/60274/zhou-bo-wei,https://bwfbadminton.com/player/59394/wei-yawen","60274, 59394"
430,CHN / CHN,"OU Yuyi, LIU Lin",-8,0 - 0,$757.50,"2,200 / 1","https://bwfbadminton.com/player/91158/ou-yuyi,https://bwfbadminton.com/player/68852/liu-lin","91158, 68852"
430,CHN / CHN,"CHEN Sihang, WEI Ya Xin",-8,0 - 0,$395.31,"2,200 / 1","https://bwfbadminton.com/player/99535/chen-sihang,https://bwfbadminton.com/player/57246/wei-ya-xin","99535, 57246"
430,TPE / USA,"HSU Jui Ting, Crystal PAN",-8,0 - 0,$303.12,"2,200 / 1","https://bwfbadminton.com/player/72027/hsu-jui-ting,https://bwfbadminton.com/player/99017/crystal-pan","72027, 99017"
430,USA / CAN,"Christian Yahya CHRISTIANTO, Michelle TONG",-8,0 - 0,$904.99,"2,200 / 1","https://bwfbadminton.com/player/91909/christian-yahya-christianto,https://bwfbadminton.com/player/90621/michelle-tong","91909, 90621"
430,NEP / NEP,"Deepak BOHARA, Anu MAYA RAI",-8,0 - 0,$126.88,"2,200 / 1","https://bwfbadminton.com/player/63908/deepak-bohara,https://bwfbadminton.com/player/97526/anu-maya-rai","63908, 97526"
430,BAN /  / BAN,"Anayet Ulla KHAN, AKTAR Nabila",-8,0 - 0,$199.37,"2,200 / 1","https://bwfbadminton.com/player/67239/anayet-ulla-khan,https://bwfbadminton.com/player/88402/aktar-nabila","67239, 88402"
430,BAN / BAN,"Tushar Krishna ROY, Erina Parvin RATNA",-8,0 - 0,$126.88,"2,200 / 1","https://bwfbadminton.com/player/50321/tushar-krishna-roy,https://bwfbadminton.com/player/66035/erina-parvin-ratna","50321, 66035"
430,INA / INA,"Trikusuma WARDHANA, Devi Tika PERMATASARI",-8,0 - 0,"$4,028.12","2,200 / 1","https://bwfbadminton.com/player/55757/trikusuma-wardhana,https://bwfbadminton.com/player/88466/devi-tika-permatasari","55757, 88466"
430,THA / THA,"Watchara BURANAKUEA, Chayanit CHALADCHALAM",-8,3 - 2,"$1,300.61","2,200 / 1","https://bwfbadminton.com/player/85114/watchara-buranakuea,https://bwfbadminton.com/player/67168/chayanit-chaladchalam","85114, 67168"
430,RUS / RUS,"Nikolai UKK, Irina KHLEBKO",-8,2 - 2,$456.25,"2,200 / 1","https://bwfbadminton.com/player/67082/nikolai-ukk,https://bwfbadminton.com/player/97302/irina-khlebko","67082, 97302"
430,USA / USA,"Sattawat PONGNAIRAT, Kuei-Ya CHEN",-8,0 - 0,$126.88,"2,200 / 1","https://bwfbadminton.com/player/74872/sattawat-pongnairat,https://bwfbadminton.com/player/53746/kuei-ya-chen","74872, 53746"
452,AUT / AUT,"Roman ZIRNWALD, Sonja LANGTHALER",-8,4 - 9,"$1,762.87","2,190 / 3","https://bwfbadminton.com/player/13231/roman-zirnwald,https://bwfbadminton.com/player/63829/sonja-langthaler","13231, 63829"
453,KOR / KOR,"CHUNG Eui Seok, KIM Hyerin",-8,0 - 1,"$7,831.86","2,190 / 2","https://bwfbadminton.com/player/99472/chung-eui-seok,https://bwfbadminton.com/player/57824/kim-hyerin","99472, 57824"
454,THA / THA,"Nonthawat SATTANAKO, Walaiphan PATIMON",-8,0 - 0,$75.00,"2,180 / 2","https://bwfbadminton.com/player/56351/nonthawat-sattanako,https://bwfbadminton.com/player/92322/walaiphan-patimon","56351, 92322"
455,ENG / ENG,"Steven STALLWOOD, Hope WARNER",-8,0 - 0,$0.00,"2,130 / 1","https://bwfbadminton.com/player/62414/steven-stallwood,https://bwfbadminton.com/player/62738/hope-warner","62414, 62738"
455,MRI / EGY,"Georges Julien PAUL, Hadia HOSNY",-8,0 - 0,"$2,238.11","2,130 / 1","https://bwfbadminton.com/player/64839/georges-julien-paul,https://bwfbadminton.com/player/52901/hadia-hosny","64839, 52901"
455,RSA / RSA,"Andries MALAN, Sandra LE GRANGE",-8,0 - 0,$717.12,"2,130 / 1","https://bwfbadminton.com/player/63109/andries-malan,https://bwfbadminton.com/player/63068/sandra-le-grange","63109, 63068"
455,TTO / TTO,"Alistair ESPINOZA, Solangel GUZMAN",-8,0 - 0,$0.00,"2,130 / 1","https://bwfbadminton.com/player/69494/alistair-espinoza,https://bwfbadminton.com/player/15027/solangel-guzman","69494, 15027"
455,PAK / PAK,"Muhammad Irfan Saeed BHATTI, Mehmona AMEER",-8,0 - 0,$267.37,"2,130 / 1","https://bwfbadminton.com/player/95500/muhammad-irfan-saeed-bhatti,https://bwfbadminton.com/player/87641/mehmona-ameer","95500, 87641"
455,COL / COL,"Yamit GIRONZA, Tatiana CAICEDO MUNOZ",-8,0 - 0,$144.00,"2,130 / 1","https://bwfbadminton.com/player/89149/yamit-gironza,https://bwfbadminton.com/player/91310/tatiana-caicedo-munoz","89149, 91310"
455,KOR / KOR,"JUNG Young Keun, KIM Na Young",-8,0 - 0,$228.00,"2,130 / 1","https://bwfbadminton.com/player/84849/jung-young-keun,https://bwfbadminton.com/player/61031/kim-na-young","84849, 61031"
455,MGL / MGL,"Olonbayar ENKHBAT, Dashdondov BULGAMAA",0,0 - 1,$36.24,"2,130 / 1","https://bwfbadminton.com/player/91102/olonbayar-enkhbat,https://bwfbadminton.com/player/78496/dashdondov-bulgamaa","91102, 78496"
455,NED / NED,"Myke HALKEMA, Jim MIDDELBURG",-8,2 - 2,$500.00,"2,130 / 1","https://bwfbadminton.com/player/26926/myke-halkema,https://bwfbadminton.com/player/80238/jim-middelburg","26926, 80238"
455,MEX / MEX,"Arturo HERNANDEZ, Mariana UGALDE",-8,5 - 6,$451.56,"2,130 / 1","https://bwfbadminton.com/player/66431/arturo-hernandez,https://bwfbadminton.com/player/61244/mariana-ugalde","66431, 61244"
465,POL / POL,"Robert CYBULSKI, Wiktoria DABCZYNSKA",-9,2 - 1,$0.00,"2,120 / 3","https://bwfbadminton.com/player/61897/robert-cybulski,https://bwfbadminton.com/player/84178/wiktoria-dabczynska","61897, 84178"
466,CAN / CAN,"Ty Alexander LINDEMAN, Josephine WU",-9,0 - 0,$190.30,"2,110 / 1","https://bwfbadminton.com/player/63683/ty-alexander-lindeman,https://bwfbadminton.com/player/86226/josephine-wu","63683, 86226"
466,GUA / GUA,"Rodolfo RAMIREZ, Alejandra Jose PAIZ QUAN",-9,0 - 0,$56.24,"2,110 / 1","https://bwfbadminton.com/player/52347/rodolfo-ramirez,https://bwfbadminton.com/player/96554/alejandra-jose-paiz-quan","52347, 96554"
466,TPE / TPE,"TSENG Min Hao, LIN Jhih Yun",-9,0 - 0,"$6,938.17","2,110 / 1","https://bwfbadminton.com/player/71729/tseng-min-hao,https://bwfbadminton.com/player/69009/lin-jhih-yun","71729, 69009"
466,TPE / TPE,"LEE Yang, YU Min Ju",-9,0 - 0,"$4,238.11","2,110 / 1","https://bwfbadminton.com/player/69448/lee-yang,https://bwfbadminton.com/player/81666/yu-min-ju","69448, 81666"
466,CHN /  / CHN,"KANG Jun, SUN Xiaoli",-9,0 - 0,"$3,768.74","2,110 / 1","https://bwfbadminton.com/player/67866/kang-jun,https://bwfbadminton.com/player/50918/sun-xiaoli","67866, 50918"
466,CHN / CHN,"CAI Rui Qing, DONG Yourong",-9,0 - 0,$206.24,"2,110 / 1","https://bwfbadminton.com/player/65550/cai-rui-qing,https://bwfbadminton.com/player/56553/dong-yourong","65550, 56553"
466,THA / THA,"Warit SARAPAT, Rawimon IAMRATANAMAETHEEKUL",-9,0 - 0,$325.62,"2,110 / 1","https://bwfbadminton.com/player/85495/warit-sarapat,https://bwfbadminton.com/player/80058/rawimon-iamratanamaetheekul","85495, 80058"
466,INA / INA,"Rafiddias Akhdan NUGROHO, Richi Puspita DILI",-9,0 - 0,"$64,283.41","2,110 / 1","https://bwfbadminton.com/player/65925/rafiddias-akhdan-nugroho,https://bwfbadminton.com/player/66907/richi-puspita-dili","65925, 66907"
466,CAN / CAN,"Jason Anthony HO-SHUE, Olivia (Li) LEI",-9,1 - 1,$206.24,"2,110 / 1","https://bwfbadminton.com/player/93791/jason-anthony-ho-shue,https://bwfbadminton.com/player/84913/olivia-li-lei","93791, 84913"
466,CAN / CAN,"DONG Adam (Xingyu), KIM Seul Bi",-9,1 - 1,$487.48,"2,110 / 1","https://bwfbadminton.com/player/58539/dong-adam-xingyu,https://bwfbadminton.com/player/24036/kim-seul-bi","58539, 24036"
466,DEN / AUS,"Kasper ANTONSEN, Gronya SOMERVILLE",-9,0 - 1,"$3,554.55","2,110 / 1","https://bwfbadminton.com/player/62261/kasper-antonsen,https://bwfbadminton.com/player/58488/gronya-somerville","62261, 58488"
466,SGP / SGP,"Danny Bawa CHRISNANTA, Yi Ling Elaine CHUA",-9,1 - 1,"$37,598.60","2,110 / 1","https://bwfbadminton.com/player/66920/danny-bawa-chrisnanta,https://bwfbadminton.com/player/77195/yi-ling-elaine-chua","66920, 77195"
466,TPE / TPE,"HUNG Ying Yuan, HSIEH Pei Shan",-9,1 - 1,$846.24,"2,110 / 1","https://bwfbadminton.com/player/20464/hung-ying-yuan,https://bwfbadminton.com/player/95062/hsieh-pei-shan","20464, 95062"
466,RUS / RUS,"Vladimir NIKULOV, Daria SEREBRIAKOVA",-9,13 - 9,$206.24,"2,110 / 1","https://bwfbadminton.com/player/55871/vladimir-nikulov,https://bwfbadminton.com/player/77577/daria-serebriakova","55871, 77577"
466,RUS / RUS,"Vladimir RUSIN, Ekaterina KUT",-9,4 - 8,$574.99,"2,110 / 1","https://bwfbadminton.com/player/40815/vladimir-rusin,https://bwfbadminton.com/player/74997/ekaterina-kut","40815, 74997"
466,BRA / BRA,"Felippe Cury FONSECA, Thalita CORREA",-9,0 - 0,$370.61,"2,110 / 1","https://bwfbadminton.com/player/64051/felippe-cury-fonseca,https://bwfbadminton.com/player/93014/thalita-correa","64051, 93014"
466,RUS / RUS,"Vladimir SHIPILENKO, Valeriia MAKKOVEEVA",-9,0 - 2,$393.74,"2,110 / 1","https://bwfbadminton.com/player/72240/vladimir-shipilenko,https://bwfbadminton.com/player/70305/valeriia-makkoveeva","72240, 70305"
466,CAN / CAN,"Nathan OSBORNE, Josephine WU",-9,1 - 3,$398.42,"2,110 / 1","https://bwfbadminton.com/player/86440/nathan-osborne,https://bwfbadminton.com/player/86226/josephine-wu","86440, 86226"
484,INA / INA,"Hilkiya BL, Rofahadah Supriadi PUTRI",-9,0 - 0,$0.00,"2,100 / 2","https://bwfbadminton.com/player/85347/hilkiya-bl,https://bwfbadminton.com/player/97348/rofahadah-supriadi-putri","85347, 97348"
484,INA / INA,"Hendra TANDJAYA, Fitria Ayu NAWANGWULAN",-9,0 - 0,$0.00,"2,100 / 2","https://bwfbadminton.com/player/74114/hendra-tandjaya,https://bwfbadminton.com/player/67817/fitria-ayu-nawangwulan","74114, 67817"
484,IND / IND,"RAJU Mohamed Rehan, JAMALUDEEN Anees Kowsar",-9,3 - 3,$70.00,"2,100 / 2","https://bwfbadminton.com/player/54981/raju-mohamed-rehan,https://bwfbadminton.com/player/45205/jamaludeen-anees-kowsar","54981, 45205"
487,IND / IND,"Jagadish YADAV, Parssa NAQVI",-9,0 - 0,$0.00,"2,070 / 2","https://bwfbadminton.com/player/37151/jagadish-yadav,https://bwfbadminton.com/player/60781/parssa-naqvi","37151, 60781"
487,VIE / VIE,"Trung Luan PHAM, Ngoc Bich PHAM",-9,0 - 0,$84.38,"2,070 / 2","https://bwfbadminton.com/player/92310/trung-luan-pham,https://bwfbadminton.com/player/80453/ngoc-bich-pham","92310, 80453"
489,INA / INA,"KUSUMAH  Sandy Darma, Khairunnisa IMMA MUTHIAH",-9,0 - 0,$37.50,"2,030 / 2","https://bwfbadminton.com/player/67776/kusumah-sandy-darma,https://bwfbadminton.com/player/92528/khairunnisa-imma-muthiah","67776, 92528"
489,TPE / TPE,"LIN Chia Hsuan, LEE Wei Tzu",-9,0 - 1,$668.75,"2,030 / 2","https://bwfbadminton.com/player/39748/lin-chia-hsuan,https://bwfbadminton.com/player/65581/lee-wei-tzu","39748, 65581"
491,FIN / FIN,"Lauri NUORTEVA, Linnea VAINULA",-9,3 - 2,$0.00,"2,020 / 3","https://bwfbadminton.com/player/56209/lauri-nuorteva,https://bwfbadminton.com/player/94755/linnea-vainula","56209, 94755"
492,THA / THA,"Sukrit MAUNGLAI, Natchpapha CHATUPORNKARNCHANA",-9,1 - 2,$18.76,"2,010 / 3","https://bwfbadminton.com/player/61407/sukrit-maunglai,https://bwfbadminton.com/player/90106/natchpapha-chatupornkarnchana","61407, 90106"
492,UKR / UKR,"Gennadiy NATAROV, Yuliya KAZARINOVA",-9,38 - 38,"$1,608.74","2,010 / 3","https://bwfbadminton.com/player/24056/gennadiy-natarov,https://bwfbadminton.com/player/31914/yuliya-kazarinova","24056, 31914"
494,TPE / TPE,"YANG Po Han, CHENG Yu Chieh",-9,0 - 0,"$2,002.17","1,990 / 2","https://bwfbadminton.com/player/59709/yang-po-han,https://bwfbadminton.com/player/97282/cheng-yu-chieh","59709, 97282"
494,INA / INA,"Aji FIRMANSYAH, Rofahadah Supriadi PUTRI",-9,0 - 2,$0.00,"1,990 / 2","https://bwfbadminton.com/player/59309/aji-firmansyah,https://bwfbadminton.com/player/97348/rofahadah-supriadi-putri","59309, 97348"
496,CZE / CZE,"Bedrich VALENTA, Martina KROCOVÁ",-9,0 - 0,$0.00,"1,970 / 2","https://bwfbadminton.com/player/65599/bedrich-valenta,https://bwfbadminton.com/player/94122/martina-krocova","65599, 94122"
497,JPN / JPN,"Yuki YONEMOTO, Haruka YONEMOTO",-9,0 - 0,$75.00,"1,950 / 2","https://bwfbadminton.com/player/89867/yuki-yonemoto,https://bwfbadminton.com/player/56070/haruka-yonemoto","89867, 56070"
498,DEN / DEN,"Mathias WEBER ESTRUP, Line FLEISCHER",-9,0 - 0,$0.00,"1,920 / 2","https://bwfbadminton.com/player/95050/mathias-weber-estrup,https://bwfbadminton.com/player/57995/line-fleischer","95050, 57995"
499,ENG / ENG,"Max FLYNN, Lizzie TOLMAN",-9,0 - 0,$0.00,"1,890 / 3","https://bwfbadminton.com/player/62199/max-flynn,https://bwfbadminton.com/player/68221/lizzie-tolman","62199, 68221"
500,THA / THA,"Kandis WANAROON, Alisa SAPNITI",-9,0 - 0,$332.81,"1,840 / 2","https://bwfbadminton.com/player/88698/kandis-wanaroon,https://bwfbadminton.com/player/99411/alisa-sapniti","88698, 99411"
500,THA / THA,"Kandis WANAROON, Alisa SAPNITI",-9,0 - 0,$332.81,"1,840 / 2","https://bwfbadminton.com/player/88698/kandis-wanaroon,https://bwfbadminton.com/player/99411/alisa-sapniti","88698, 99411"
500,GER / GER,"Nikolaj PERSSON, Olga ROJ",-9,0 - 0,"$1,755.25","1,840 / 2","https://bwfbadminton.com/player/59587/nikolaj-persson,https://bwfbadminton.com/player/15323/olga-roj","59587, 15323"
500,CUB / CUB,"Angel HERRERA RODRÍGUEZ, Yeily Mari ORTIZ RODRIGUEZ",-9,0 - 0,$0.00,"1,840 / 2","https://bwfbadminton.com/player/78027/angel-herrera-rodriguez,https://bwfbadminton.com/player/67477/yeily-mari-ortiz-rodriguez","78027, 67477"
500,CUB / CUB,"Lazaro Yovani MADERA PADRINO, Thalia MENGANA MARRERO",-9,0 - 0,$0.00,"1,840 / 2","https://bwfbadminton.com/player/89888/lazaro-yovani-madera-padrino,https://bwfbadminton.com/player/74019/thalia-mengana-marrero","89888, 74019"
500,SGP / SGP,"Jian Liang LEE, ONG Ren-ne",-9,0 - 0,$0.00,"1,840 / 2","https://bwfbadminton.com/player/57598/jian-liang-lee,https://bwfbadminton.com/player/58917/ong-ren-ne","57598, 58917"
500,FRA /  / SUI,"Florent RIANCHO, Sabrina JAQUET",-9,0 - 0,"$3,338.99","1,840 / 2","https://bwfbadminton.com/player/24454/florent-riancho,https://bwfbadminton.com/player/54068/sabrina-jaquet","24454, 54068"
500,THA / THA,"Kaninpong YOKARD, Nootprawee PROMDEJ",-9,0 - 0,$65.62,"1,840 / 2","https://bwfbadminton.com/player/89195/kaninpong-yokard,https://bwfbadminton.com/player/75877/nootprawee-promdej","89195, 75877"
500,DEN / SWE,"Andreas HOFFMANN, Louise ERIKSSON",-9,0 - 0,$0.00,"1,840 / 2","https://bwfbadminton.com/player/89476/andreas-hoffmann,https://bwfbadminton.com/player/54312/louise-eriksson","89476, 54312"
500,DEN / DEN,"Mathias Moldt BASKJAER, Susan EKELUND",-9,0 - 0,$0.00,"1,840 / 2","https://bwfbadminton.com/player/62637/mathias-moldt-baskjaer,https://bwfbadminton.com/player/90497/susan-ekelund","62637, 90497"
500,INA / INA,"Pramudya KUSUMAWARDANA, Lisa Ayu KUSUMAWATI",-9,0 - 0,$37.50,"1,840 / 2","https://bwfbadminton.com/player/74732/pramudya-kusumawardana,https://bwfbadminton.com/player/82610/lisa-ayu-kusumawati","74732, 82610"
500,VIE / VIE,"Van Viet NGUYEN, Thi Hoai DO",-9,0 - 0,$22.50,"1,840 / 2","https://bwfbadminton.com/player/68987/van-viet-nguyen,https://bwfbadminton.com/player/89923/thi-hoai-do","68987, 89923"
500,BEL / BEL,"Freek GOLINSKI, Flore VANDENHOUCKE",-9,0 - 0,$275.00,"1,840 / 2","https://bwfbadminton.com/player/55486/freek-golinski,https://bwfbadminton.com/player/65846/flore-vandenhoucke","55486, 65846"
500,MEX / MEX,"Armando GAITAN, Jessica Jazmin BAUTISTA TRIGUEROS",-9,0 - 0,$0.00,"1,840 / 2","https://bwfbadminton.com/player/98728/armando-gaitan,https://bwfbadminton.com/player/73275/jessica-jazmin-bautista-trigueros","98728, 73275"
500,MDV / MDV,"Hussein SHAHEED, Maisa Fathuhulla ISMAIL",-9,0 - 2,$22.50,"1,840 / 2","https://bwfbadminton.com/player/70219/hussein-shaheed,https://bwfbadminton.com/player/89832/maisa-fathuhulla-ismail","70219, 89832"
500,RSA / RSA,"Cameron COETZER, Demi BOTHA",-9,0 - 0,"$1,000.00","1,840 / 2","https://bwfbadminton.com/player/63623/cameron-coetzer,https://bwfbadminton.com/player/80448/demi-botha","63623, 80448"
516,SLO / SLO,"Urban TURK, Ema CIZELJ",-9,0 - 0,$0.00,"1,820 / 3","https://bwfbadminton.com/player/99514/urban-turk,https://bwfbadminton.com/player/74983/ema-cizelj","99514, 74983"
517,THA / MAS,"Bowornwatanuwong PHUTTHAPORN, Desiree, Hao Shan SIOW",-9,1 - 2,$125.00,"1,790 / 3","https://bwfbadminton.com/player/97887/bowornwatanuwong-phutthaporn,https://bwfbadminton.com/player/65389/desiree%2C-hao-shan-siow","97887, 65389"
517,SUI / SUI,"Silvan FURRER, Chantal VON ROTZ",-9,0 - 1,$0.00,"1,790 / 3","https://bwfbadminton.com/player/85823/silvan-furrer,https://bwfbadminton.com/player/54094/chantal-von-rotz","85823, 54094"
519,TPE / TPE,"LIAO Kuan Hao, YU Chien Hui",-9,1 - 1,"$1,571.24","1,760 / 2","https://bwfbadminton.com/player/96645/liao-kuan-hao,https://bwfbadminton.com/player/75154/yu-chien-hui","96645, 75154"
520,MGL / MGL,"Gerelsukh JARGALSAIKHAN, Tegshzaya CHOINKHOR",0,0 - 0,$9.38,"1,750 / 1","https://bwfbadminton.com/player/80675/gerelsukh-jargalsaikhan,https://bwfbadminton.com/player/82101/tegshzaya-choinkhor","80675, 82101"
520,MDV / MDV,"Hussein SHAHEED, Fathimath Nabaaha ABDUL RAZZAQ",-9,0 - 0,$11.25,"1,750 / 1","https://bwfbadminton.com/player/70219/hussein-shaheed,https://bwfbadminton.com/player/62853/fathimath-nabaaha-abdul-razzaq","70219, 62853"
520,BEL / BEL,"Freek GOLINSKI, Lise JAQUES",-9,0 - 0,$275.00,"1,750 / 1","https://bwfbadminton.com/player/55486/freek-golinski,https://bwfbadminton.com/player/96665/lise-jaques","55486, 96665"
520,DEN / DEN,"Patrick BUHL, Josephine VAN ZAANE",-9,0 - 0,$0.00,"1,750 / 1","https://bwfbadminton.com/player/85415/patrick-buhl,https://bwfbadminton.com/player/85041/josephine-van-zaane","85415, 85041"
520,NED / GER,"Erik MEIJS, Birgit OVERZIER",-9,0 - 0,"$89,312.51","1,750 / 1","https://bwfbadminton.com/player/88679/erik-meijs,https://bwfbadminton.com/player/50851/birgit-overzier","88679, 50851"
520,MEX / HUN,"Arturo HERNANDEZ, Laura SAROSI",-9,0 - 0,$72.00,"1,750 / 1","https://bwfbadminton.com/player/66431/arturo-hernandez,https://bwfbadminton.com/player/34899/laura-sarosi","66431, 34899"
520,JAM / JAM,"Craig ALLISON, Alana BAILEY",-9,0 - 0,$0.00,"1,750 / 1","https://bwfbadminton.com/player/94893/craig-allison,https://bwfbadminton.com/player/76027/alana-bailey","94893, 76027"
520,UGA / UGA,"Israel WANAGALYA, Betty APIO",-9,0 - 0,$0.00,"1,750 / 1","https://bwfbadminton.com/player/64381/israel-wanagalya,https://bwfbadminton.com/player/93570/betty-apio","64381, 93570"
520,ENG / ENG,"Ethan VAN LEEUWEN, Sian KELLY",-9,0 - 0,$0.00,"1,750 / 1","https://bwfbadminton.com/player/90556/ethan-van-leeuwen,https://bwfbadminton.com/player/81761/sian-kelly","90556, 81761"
520,BAN / BAN,"Mohammad Anamul HAQUE, Aktar SHAPLA",-9,0 - 0,$326.16,"1,750 / 1","https://bwfbadminton.com/player/87239/mohammad-anamul-haque,https://bwfbadminton.com/player/89240/aktar-shapla","87239, 89240"
520,BAN /  / BAN,"Mohammad Salman KHAN, Alina SULTANA",-9,0 - 0,$158.36,"1,750 / 1","https://bwfbadminton.com/player/91040/mohammad-salman-khan,https://bwfbadminton.com/player/94843/alina-sultana","91040, 94843"
520,DEN / FIN,"Mikkel STOFFERSEN, Sanni RAUTALA",-9,0 - 0,$10.88,"1,750 / 1","https://bwfbadminton.com/player/97242/mikkel-stoffersen,https://bwfbadminton.com/player/53444/sanni-rautala","97242, 53444"
520,IND / IND,"Basheer SYED, Sahithi BANDI",-9,0 - 0,$0.00,"1,750 / 1","https://bwfbadminton.com/player/82951/basheer-syed,https://bwfbadminton.com/player/97832/sahithi-bandi","82951, 97832"
520,SUR / SUR,"Mitchel WONGSODIKROMO, Santusha RAMZAN",-9,0 - 0,$0.00,"1,750 / 1","https://bwfbadminton.com/player/12898/mitchel-wongsodikromo,https://bwfbadminton.com/player/76143/santusha-ramzan","12898, 76143"
520,BUL / SUI,"Stilian MAKARSKI, Tenzin PELLING",-9,0 - 0,"$3,771.25","1,750 / 1","https://bwfbadminton.com/player/15084/stilian-makarski,https://bwfbadminton.com/player/54477/tenzin-pelling","15084, 54477"
520,PAK / PAK,"Murad ALI, Saba RASHEED",-9,0 - 0,$112.12,"1,750 / 1","https://bwfbadminton.com/player/78069/murad-ali,https://bwfbadminton.com/player/95025/saba-rasheed","78069, 95025"
520,ETH / ETH,"ASRAR Seid, Yerusksew Legssey TURA",-9,0 - 0,$0.00,"1,750 / 1","https://bwfbadminton.com/player/94856/asrar-seid,https://bwfbadminton.com/player/61420/yerusksew-legssey-tura","94856, 61420"
520,COL / COL,"Diego LOPERA, Laura Valentina LONDONO",-9,0 - 0,$0.00,"1,750 / 1","https://bwfbadminton.com/player/84558/diego-lopera,https://bwfbadminton.com/player/74448/laura-valentina-londono","84558, 74448"
520,IND / IND,"M.R. ARJUN, Arathi Sara SUNIL",-9,0 - 0,$0.00,"1,750 / 1","https://bwfbadminton.com/player/98935/m-r-arjun,https://bwfbadminton.com/player/97262/arathi-sara-sunil","98935, 97262"
520,TPE / TPE,"Fang-Chih LEE, SUNG Shuo Yun",-9,0 - 0,$328.37,"1,750 / 1","https://bwfbadminton.com/player/57424/fang-chih-lee,https://bwfbadminton.com/player/88807/sung-shuo-yun","57424, 88807"
520,KOR / KOR,"CHOI Seung Il, Chan Hee KANG",-9,0 - 0,$179.00,"1,750 / 1","https://bwfbadminton.com/player/33825/choi-seung-il,https://bwfbadminton.com/player/66303/chan-hee-kang","33825, 66303"
520,MEX / MEX,"Victor Manuel RAMIREZ, Nicole MARQUEZ",-9,0 - 0,$0.00,"1,750 / 1","https://bwfbadminton.com/player/69255/victor-manuel-ramirez,https://bwfbadminton.com/player/62032/nicole-marquez","69255, 62032"
520,MRI / MRI,"Sahir Abdool EDOO, Aurelie Marie Elisa ALLET",-9,2 - 1,$114.38,"1,750 / 1","https://bwfbadminton.com/player/51549/sahir-abdool-edoo,https://bwfbadminton.com/player/84390/aurelie-marie-elisa-allet","51549, 84390"
520,MGL /  / MGL,"Battur DAVAASUREN, Narantsetseg BAYARSAIKHAN",0,0 - 1,$18.76,"1,750 / 1","https://bwfbadminton.com/player/72754/battur-davaasuren,https://bwfbadminton.com/player/96745/narantsetseg-bayarsaikhan","72754, 96745"
520,DOM / DOM,"Edinvert Bienvenido SANCHEZ MATOS, Anny Elizabeth SANCHEZ MATOS",-9,1 - 2,$0.00,"1,750 / 1","https://bwfbadminton.com/player/86554/edinvert-bienvenido-sanchez-matos,https://bwfbadminton.com/player/58887/anny-elizabeth-sanchez-matos","86554, 58887"
520,EGY / EGY,"Ali Ahmed EL KHATEEB, Doha HANY",-9,14 - 12,$337.48,"1,750 / 1","https://bwfbadminton.com/player/80660/ali-ahmed-el-khateeb,https://bwfbadminton.com/player/61746/doha-hany","80660, 61746"
520,ETH / ETH,"YAKOB Surafel, Tigist GETACHEW",-9,1 - 2,$0.00,"1,750 / 1","https://bwfbadminton.com/player/64686/yakob-surafel,https://bwfbadminton.com/player/73894/tigist-getachew","64686, 73894"
520,COL / COL,"Barrientos MATEO, Laura SANCHEZ",-9,2 - 2,$0.00,"1,750 / 1","https://bwfbadminton.com/player/67648/barrientos-mateo,https://bwfbadminton.com/player/91580/laura-sanchez","67648, 91580"
520,INA / INA,"Riky WIDIANTO, Richi Puspita DILI",-9,90 - 61,"$125,029.82","1,750 / 1","https://bwfbadminton.com/player/54175/riky-widianto,https://bwfbadminton.com/player/66907/richi-puspita-dili","54175, 66907"
520,JAM / JAM,"Gareth HENRY, Geordine HENRY",-9,17 - 7,$56.24,"1,750 / 1","https://bwfbadminton.com/player/29498/gareth-henry,https://bwfbadminton.com/player/55137/geordine-henry","29498, 55137"
550,CHN / CHN,"LI Jinqiu, MAI Yiwen",-11,0 - 0,$75.00,"1,730 / 2","https://bwfbadminton.com/player/69474/li-jinqiu,https://bwfbadminton.com/player/97137/mai-yiwen","69474, 97137"
551,NOR / NOR,"Sturla Flaten JOERGENSEN, Marlene WÅLAND",-11,0 - 0,$0.00,"1,720 / 2","https://bwfbadminton.com/player/99689/sturla-flaten-joergensen,https://bwfbadminton.com/player/64948/marlene-w%C3%85land","99689, 64948"
551,DEN / DEN,"Mathias THYRRI, Emilie AALESTRUP",-11,0 - 0,$0.00,"1,720 / 2","https://bwfbadminton.com/player/84057/mathias-thyrri,https://bwfbadminton.com/player/58394/emilie-aalestrup","84057, 58394"
553,GER / GER,"Lukas RESCH, Miranda WILSON",-11,0 - 0,$0.00,"1,700 / 1","https://bwfbadminton.com/player/57793/lukas-resch,https://bwfbadminton.com/player/92606/miranda-wilson","57793, 92606"
553,ISR /  / BLR,"Ariel SHAINSKI, Kristina SILICH",-11,6 - 1,$72.00,"1,700 / 1","https://bwfbadminton.com/player/76587/ariel-shainski,https://bwfbadminton.com/player/63639/kristina-silich","76587, 63639"
555,INA / INA,"Davin PRAWISSA, Ana ROVITA",-11,0 - 0,$225.00,"1,670 / 1","https://bwfbadminton.com/player/54236/davin-prawissa,https://bwfbadminton.com/player/48714/ana-rovita","54236, 48714"
555,GER / GER,"Raphael BECK, Eva JANSSENS",-11,0 - 0,"$1,994.37","1,670 / 1","https://bwfbadminton.com/player/61139/raphael-beck,https://bwfbadminton.com/player/60072/eva-janssens","61139, 60072"
555,MAS / INA,"Mohamad Arif Ab Latif ARIF, Devi Tika PERMATASARI",-11,0 - 0,"$4,359.37","1,670 / 1","https://bwfbadminton.com/player/53131/mohamad-arif-ab-latif-arif,https://bwfbadminton.com/player/88466/devi-tika-permatasari","53131, 88466"
555,INA / INA,"Ferdinand Sinarta SURBAKTI, Debora Rumate VEHRENICA",-11,0 - 0,$0.00,"1,670 / 1","https://bwfbadminton.com/player/57923/ferdinand-sinarta-surbakti,https://bwfbadminton.com/player/70481/debora-rumate-vehrenica","57923, 70481"
555,THA / THA,"Tanupat VIRIYANGKURA, Rawinda PRAJONGJAI",-11,0 - 0,"$1,028.12","1,670 / 1","https://bwfbadminton.com/player/74233/tanupat-viriyangkura,https://bwfbadminton.com/player/84669/rawinda-prajongjai","74233, 84669"
555,THA / THA,"Supak JOMKOH, Supissara PAEWSAMPRAN",-11,0 - 0,"$1,397.50","1,670 / 1","https://bwfbadminton.com/player/73936/supak-jomkoh,https://bwfbadminton.com/player/74980/supissara-paewsampran","73936, 74980"
555,THA / THA,"Watchara BURANAKUEA, Natcha SAENGCHOTE",-11,0 - 0,$936.23,"1,670 / 1","https://bwfbadminton.com/player/85114/watchara-buranakuea,https://bwfbadminton.com/player/74490/natcha-saengchote","85114, 74490"
555,THA / THA,"Chacharit YAOWANIT, Thanyasuda WONGYA",-11,0 - 0,$350.62,"1,670 / 1","https://bwfbadminton.com/player/87858/chacharit-yaowanit,https://bwfbadminton.com/player/98266/thanyasuda-wongya","87858, 98266"
555,CHN / CHN,"CHEN Sihang, LIU Xuan Xuan",-11,0 - 0,$214.06,"1,670 / 1","https://bwfbadminton.com/player/99535/chen-sihang,https://bwfbadminton.com/player/60567/liu-xuan-xuan","99535, 60567"
555,CHN / CHN,"WANG Peng, LYU Chenni",-11,0 - 0,$0.00,"1,670 / 1","https://bwfbadminton.com/player/62747/wang-peng,https://bwfbadminton.com/player/65947/lyu-chenni","62747, 65947"
555,TPE / TPE,"LEE Chia-Han, LIN Wan Ching",-11,0 - 0,$225.63,"1,670 / 1","https://bwfbadminton.com/player/90305/lee-chia-han,https://bwfbadminton.com/player/74686/lin-wan-ching","90305, 74686"
555,CHN / CHN,"LIU Shiwen, QIAO Shi Jun",-11,0 - 0,$93.75,"1,670 / 1","https://bwfbadminton.com/player/76391/liu-shiwen,https://bwfbadminton.com/player/71050/qiao-shi-jun","76391, 71050"
555,TPE / TPE,"CHANG En Chia, SUNG Shuo Yun",-11,0 - 0,$284.50,"1,670 / 1","https://bwfbadminton.com/player/87312/chang-en-chia,https://bwfbadminton.com/player/88807/sung-shuo-yun","87312, 88807"
555,CHN / CHN,"CHEN Keng, XIA Yu Ting",-11,0 - 0,$93.75,"1,670 / 1","https://bwfbadminton.com/player/82988/chen-keng,https://bwfbadminton.com/player/68753/xia-yu-ting","82988, 68753"
555,CHI / USA,"QIN Zheng, Crystal PAN",-11,0 - 0,$145.93,"1,670 / 1","https://bwfbadminton.com/player/96592/qin-zheng,https://bwfbadminton.com/player/99017/crystal-pan","96592, 99017"
555,TPE / TPE,"HUNG Ying Yuan, LIN Xiao Min",-11,0 - 0,$262.49,"1,670 / 1","https://bwfbadminton.com/player/20464/hung-ying-yuan,https://bwfbadminton.com/player/65203/lin-xiao-min","20464, 65203"
555,THA / THA,"Nonthawat SATTANAKO, Supamart MINGCHUA",-11,0 - 0,$110.00,"1,670 / 1","https://bwfbadminton.com/player/56351/nonthawat-sattanako,https://bwfbadminton.com/player/84287/supamart-mingchua","56351, 84287"
555,INA / INA,"Jericho See DARTAGNAN, Ade Magnifiro KHASANAH",-11,0 - 0,$0.00,"1,670 / 1","https://bwfbadminton.com/player/96015/jericho-see-dartagnan,https://bwfbadminton.com/player/85252/ade-magnifiro-khasanah","96015, 85252"
555,INA / INA,"Androw YUNANTO, Debora Rumate VEHRENICA",-11,0 - 0,$0.00,"1,670 / 1","https://bwfbadminton.com/player/97427/androw-yunanto,https://bwfbadminton.com/player/70481/debora-rumate-vehrenica","97427, 70481"
555,IND / IND,"Gaurav DESWAL, Gauri ASAJI",-11,0 - 0,$0.00,"1,670 / 1","https://bwfbadminton.com/player/86398/gaurav-deswal,https://bwfbadminton.com/player/87106/gauri-asaji","86398, 87106"
555,IND / IND,"VISHAL THAKRAN, Rachita SAHDEV",-11,0 - 0,$225.00,"1,670 / 1","https://bwfbadminton.com/player/62134/vishal-thakran,https://bwfbadminton.com/player/55045/rachita-sahdev","62134, 55045"
555,IND / IND,"Aman Singh BISHEN, Parssa NAQVI",-11,0 - 0,$0.00,"1,670 / 1","https://bwfbadminton.com/player/57483/aman-singh-bishen,https://bwfbadminton.com/player/60781/parssa-naqvi","57483, 60781"
555,INA / INA,"Ferdinand Sinarta SURBAKTI, Cynthia Shara AYUNIDHA",-11,0 - 0,$0.00,"1,670 / 1","https://bwfbadminton.com/player/57923/ferdinand-sinarta-surbakti,https://bwfbadminton.com/player/96887/cynthia-shara-ayunidha","57923, 96887"
555,INA /  / INA,"Tedi SUPRIADI, Devi Tika PERMATASARI",-11,0 - 0,"$4,241.24","1,670 / 1","https://bwfbadminton.com/player/87310/tedi-supriadi,https://bwfbadminton.com/player/88466/devi-tika-permatasari","87310, 88466"
555,INA / INA,"Henry Jansen Putra WIBOWO, Rofahadah Supriadi PUTRI",-11,0 - 0,$225.00,"1,670 / 1","https://bwfbadminton.com/player/59781/henry-jansen-putra-wibowo,https://bwfbadminton.com/player/97348/rofahadah-supriadi-putri","59781, 97348"
555,INA / INA,"Muhammad Reiza FAHLEPI, Ade Magnifiro KHASANAH",-11,0 - 0,$0.00,"1,670 / 1","https://bwfbadminton.com/player/83042/muhammad-reiza-fahlepi,https://bwfbadminton.com/player/85252/ade-magnifiro-khasanah","83042, 85252"
555,JPN / JPN,"Yuki KANEKO, Mayu MATSUMOTO",-11,0 - 0,"$1,283.43","1,670 / 1","https://bwfbadminton.com/player/95761/yuki-kaneko,https://bwfbadminton.com/player/81609/mayu-matsumoto","95761, 81609"
555,TPE / TPE,"WU Yuan Cheng, PENG Li Ting",-11,0 - 0,$55.62,"1,670 / 1","https://bwfbadminton.com/player/96951/wu-yuan-cheng,https://bwfbadminton.com/player/70347/peng-li-ting","96951, 70347"
555,KOR / KOR,"HAN To Sung, Ga Hee HAN",-11,0 - 0,$253.12,"1,670 / 1","https://bwfbadminton.com/player/81890/han-to-sung,https://bwfbadminton.com/player/60782/ga-hee-han","81890, 60782"
555,TPE / TPE,"CHEN Chun-Wei, Szu Yu CHEN",-11,0 - 0,$773.29,"1,670 / 1","https://bwfbadminton.com/player/91461/chen-chun-wei,https://bwfbadminton.com/player/77359/szu-yu-chen","91461, 77359"
555,JPN / JPN,"Kenya MITSUHASHI, Miyuki KATO",-11,0 - 0,$93.75,"1,670 / 1","https://bwfbadminton.com/player/96604/kenya-mitsuhashi,https://bwfbadminton.com/player/98494/miyuki-kato","96604, 98494"
555,TPE / TPE,"LIN Chia Hao, Ya-Han CHANG",-11,0 - 0,$281.24,"1,670 / 1","https://bwfbadminton.com/player/74545/lin-chia-hao,https://bwfbadminton.com/player/84222/ya-han-chang","74545, 84222"
555,INA / INA,"Satrya ADITHA, Aprilsasi Putri LEJARSAR VARIELLA",-11,0 - 0,"$1,898.13","1,670 / 1","https://bwfbadminton.com/player/95619/satrya-aditha,https://bwfbadminton.com/player/28745/aprilsasi-putri-lejarsar-variella","95619, 28745"
555,INA / INA,"Egi SEPTIAN, Cynthia Shara AYUNIDHA",-11,0 - 0,$0.00,"1,670 / 1","https://bwfbadminton.com/player/87728/egi-septian,https://bwfbadminton.com/player/96887/cynthia-shara-ayunidha","87728, 96887"
555,INA / INA,"Hiski RUMENGAN, AZISAH Syafitri Nur",-11,0 - 0,$54.37,"1,670 / 1","https://bwfbadminton.com/player/88437/hiski-rumengan,https://bwfbadminton.com/player/36356/azisah-syafitri-nur","88437, 36356"
555,INA / INA,"Hendra TANDJAYA, Erlina KURNIANTI",-11,0 - 0,$262.50,"1,670 / 1","https://bwfbadminton.com/player/74114/hendra-tandjaya,https://bwfbadminton.com/player/82777/erlina-kurnianti","74114, 82777"
555,INA / INA,"Fernando KURNIAWAN, Devi Tika PERMATASARI",-11,0 - 0,"$6,628.10","1,670 / 1","https://bwfbadminton.com/player/55013/fernando-kurniawan,https://bwfbadminton.com/player/88466/devi-tika-permatasari","55013, 88466"
555,GER / UKR,"Tobias WADENKA, Natalya VOYTSEKH",-11,0 - 0,$0.00,"1,670 / 1","https://bwfbadminton.com/player/27744/tobias-wadenka,https://bwfbadminton.com/player/76910/natalya-voytsekh","27744, 76910"
555,SUI / SUI,"Gilles TRIPET, Sabrina JAQUET",-11,0 - 0,"$3,338.99","1,670 / 1","https://bwfbadminton.com/player/79194/gilles-tripet,https://bwfbadminton.com/player/54068/sabrina-jaquet","79194, 54068"
555,INA / INA,"Henry Jansen Putra WIBOWO, Ade Magnifiro KHASANAH",-11,0 - 0,$225.00,"1,670 / 1","https://bwfbadminton.com/player/59781/henry-jansen-putra-wibowo,https://bwfbadminton.com/player/85252/ade-magnifiro-khasanah","59781, 85252"
555,INA / INA,"Akbar Bintang CAHYONO, Surya Della AUGUSTIA",-11,0 - 0,$271.24,"1,670 / 1","https://bwfbadminton.com/player/87128/akbar-bintang-cahyono,https://bwfbadminton.com/player/56145/surya-della-augustia","87128, 56145"
555,CHN / CHN,"HAN Cheng Kai, ZHOU Chao Min",-11,0 - 0,"$3,213.75","1,670 / 1","https://bwfbadminton.com/player/66491/han-cheng-kai,https://bwfbadminton.com/player/63185/zhou-chao-min","66491, 63185"
555,INA / INA,"Drajat BENO, Angelica Caroline MANDANG",-11,0 - 0,$123.12,"1,670 / 1","https://bwfbadminton.com/player/92548/drajat-beno,https://bwfbadminton.com/player/99295/angelica-caroline-mandang","92548, 99295"
555,CAN / CAN,"Adrian LIU, Michelle TONG",-11,0 - 1,"$2,668.10","1,670 / 1","https://bwfbadminton.com/player/87626/adrian-liu,https://bwfbadminton.com/player/90621/michelle-tong","87626, 90621"
555,KOR / USA,"Yong Sung YOO, Daphne NG",-11,0 - 1,$93.75,"1,670 / 1","https://bwfbadminton.com/player/97178/yong-sung-yoo,https://bwfbadminton.com/player/67195/daphne-ng","97178, 67195"
555,USA / USA,"Abhishek AHLAWAT, Jing Yu HONG",-11,0 - 1,$917.50,"1,670 / 1","https://bwfbadminton.com/player/98450/abhishek-ahlawat,https://bwfbadminton.com/player/61378/jing-yu-hong","98450, 61378"
555,USA / USA,"Abhishek AHLAWAT, Jing Yu HONG",-11,0 - 1,$917.50,"1,670 / 1","https://bwfbadminton.com/player/98450/abhishek-ahlawat,https://bwfbadminton.com/player/61378/jing-yu-hong","98450, 61378"
555,HKG / HKG,"LI Kuen Hon, NG Wing Yung",-11,0 - 1,$225.00,"1,670 / 1","https://bwfbadminton.com/player/94429/li-kuen-hon,https://bwfbadminton.com/player/87616/ng-wing-yung","94429, 87616"
555,HKG / HKG,"YEUNG Shing Choi, YEUNG Nga Ting",-11,0 - 1,$646.87,"1,670 / 1","https://bwfbadminton.com/player/68061/yeung-shing-choi,https://bwfbadminton.com/player/68015/yeung-nga-ting","68061, 68015"
555,CHN / CHN,"LIU Yu Chen, JIA Yi Fan",-11,0 - 1,"$32,707.49","1,670 / 1","https://bwfbadminton.com/player/93367/liu-yu-chen,https://bwfbadminton.com/player/65144/jia-yi-fan","93367, 65144"
555,INA / INA,"Amri SYAHNAWI, Marisa Vania Liske TENEH",-11,2 - 2,$181.25,"1,670 / 1","https://bwfbadminton.com/player/76281/amri-syahnawi,https://bwfbadminton.com/player/97278/marisa-vania-liske-teneh","76281, 97278"
555,IND / IND,"Kashish SHARMA, Jagriti NASHIER",-11,0 - 1,$225.00,"1,670 / 1","https://bwfbadminton.com/player/93625/kashish-sharma,https://bwfbadminton.com/player/77788/jagriti-nashier","93625, 77788"
555,TPE / TPE,"LEE Jhe-Huei, WU Ti Jung",-11,4 - 5,"$7,261.11","1,670 / 1","https://bwfbadminton.com/player/99102/lee-jhe-huei,https://bwfbadminton.com/player/95143/wu-ti-jung","99102, 95143"
555,TTO / USA,"Nicholas BONKOWSKY, Yoshiko COHN",-11,0 - 2,$0.00,"1,670 / 1","https://bwfbadminton.com/player/26459/nicholas-bonkowsky,https://bwfbadminton.com/player/76142/yoshiko-cohn","26459, 76142"
555,INA / INA,"Yohanes Rendy SUGIARTO, Dian FITRIANI",-11,1 - 2,$798.75,"1,670 / 1","https://bwfbadminton.com/player/40517/yohanes-rendy-sugiarto,https://bwfbadminton.com/player/24370/dian-fitriani","40517, 24370"
555,THA / THA,"Warit SARAPAT, Fareeda LOOG",-11,1 - 3,$258.13,"1,670 / 1","https://bwfbadminton.com/player/85495/warit-sarapat,https://bwfbadminton.com/player/59842/fareeda-loog","85495, 59842"
555,CYP / GRE,"Kyriacos PISSIS, Ioanna KARAPETRIDOU",-11,3 - 3,$0.00,"1,670 / 1","https://bwfbadminton.com/player/82748/kyriacos-pissis,https://bwfbadminton.com/player/76408/ioanna-karapetridou","82748, 76408"
555,NEP / NEP,"Bikash SHRESTHA, Nangsal TAMANG",-11,1 - 4,$368.43,"1,670 / 1","https://bwfbadminton.com/player/72616/bikash-shrestha,https://bwfbadminton.com/player/78543/nangsal-tamang","72616, 78543"
555,CHN / CHN,"HUANG Kai Xiang, HUANG Dong Ping",-11,26 - 12,"$47,748.12","1,670 / 1","https://bwfbadminton.com/player/83797/huang-kai-xiang,https://bwfbadminton.com/player/89426/huang-dong-ping","83797, 89426"
555,TPE / TPE,"SU Ching Heng, YE Jing Ya",-11,0 - 0,$170.29,"1,670 / 1","https://bwfbadminton.com/player/88829/su-ching-heng,https://bwfbadminton.com/player/61149/ye-jing-ya","88829, 61149"
555,LTU / LTU,"Povilas BARTUSIS, Vytaute FOMKINAITE",-11,9 - 18,$0.00,"1,670 / 1","https://bwfbadminton.com/player/85443/povilas-bartusis,https://bwfbadminton.com/player/72367/vytaute-fomkinaite","85443, 72367"
555,INA / INA,"Andhika ANHAR, Keshya Nurvita HANADIA",-11,0 - 0,"$4,453.09","1,670 / 1","https://bwfbadminton.com/player/45914/andhika-anhar,https://bwfbadminton.com/player/17156/keshya-nurvita-hanadia","45914, 17156"
617,THA / THA,"Wasapon UTTAMANG, Kunjira KHONGDEE",-11,0 - 0,$777.80,"1,650 / 2","https://bwfbadminton.com/player/54836/wasapon-uttamang,https://bwfbadminton.com/player/96952/kunjira-khongdee","54836, 96952"
618,INA / INA,"Amri SYAHNAWI, Brigita Marcelia RUMAMBI",-11,0 - 0,$257.81,"1,610 / 2","https://bwfbadminton.com/player/76281/amri-syahnawi,https://bwfbadminton.com/player/71019/brigita-marcelia-rumambi","76281, 71019"
619,ISL / ISL,"Daniel JOHANNESSON, Sigridur ARNADOTTIR",-11,0 - 0,$0.00,"1,600 / 4","https://bwfbadminton.com/player/89773/daniel-johannesson,https://bwfbadminton.com/player/69993/sigridur-arnadottir","89773, 69993"
620,BUL / MAS,"Alex VLAAR, Sannatasah SANIRU",-11,0 - 0,"$1,332.48","1,560 / 3","https://bwfbadminton.com/player/65723/alex-vlaar,https://bwfbadminton.com/player/54151/sannatasah-saniru","65723, 54151"
621,NZL / DEN,"Oliver LEYDON-DAVIS, Marie Louise STEFFENSEN",-11,0 - 0,"$1,207.48","1,540 / 2","https://bwfbadminton.com/player/27624/oliver-leydon-davis,https://bwfbadminton.com/player/62973/marie-louise-steffensen","27624, 62973"
621,UKR / UKR,"Oleksandar SHMUNDYAK, Maryna ILYINSKAYA",-11,0 - 2,$0.00,"1,540 / 2","https://bwfbadminton.com/player/58309/oleksandar-shmundyak,https://bwfbadminton.com/player/64424/maryna-ilyinskaya","58309, 64424"
623,ALG / ALG,"Koceila MAMMERI, Linda MAZRI",-11,0 - 0,$0.00,"1,522 / 2","https://bwfbadminton.com/player/72986/koceila-mammeri,https://bwfbadminton.com/player/59922/linda-mazri","72986, 59922"
624,FRA / FRA,"Kenji LOVANG, Ainoa DESMONS",-11,0 - 0,$0.00,"1,520 / 2","https://bwfbadminton.com/player/62969/kenji-lovang,https://bwfbadminton.com/player/70645/ainoa-desmons","62969, 70645"
624,RUS / RUS,"Lev BARINOV, Anastasiia BOIARUN",-11,0 - 0,$0.00,"1,520 / 2","https://bwfbadminton.com/player/67426/lev-barinov,https://bwfbadminton.com/player/91650/anastasiia-boiarun","67426, 91650"
624,BUL / BUL,"Lilian MIHAYLOV, Silviya CHAPKANOVA - BOZEVA",-11,0 - 0,$0.00,"1,520 / 2","https://bwfbadminton.com/player/67331/lilian-mihaylov,https://bwfbadminton.com/player/64679/silviya-chapkanova-bozeva","67331, 64679"
624,SUR / SUR,"Kevin Yao Lin ZOU, Chan YANG",-11,0 - 0,$0.00,"1,520 / 2","https://bwfbadminton.com/player/78237/kevin-yao-lin-zou,https://bwfbadminton.com/player/69601/chan-yang","78237, 69601"
628,TPE / TPE,"Fang-Jen LEE, SUNG Shuo Yun",-11,0 - 0,$323.87,"1,520 / 1","https://bwfbadminton.com/player/70231/fang-jen-lee,https://bwfbadminton.com/player/88807/sung-shuo-yun","70231, 88807"
628,THA / THA,"Jirapat SINPAIBOON, Nichapat TRAIYASUT",-11,0 - 0,$75.00,"1,520 / 1","https://bwfbadminton.com/player/94894/jirapat-sinpaiboon,https://bwfbadminton.com/player/73973/nichapat-traiyasut","94894, 73973"
628,ZAM /  / ZAM,"Kalombo MULENGA, Elizaberth CHIPELEME",-11,0 - 0,$72.00,"1,520 / 1","https://bwfbadminton.com/player/55024/kalombo-mulenga,https://bwfbadminton.com/player/58650/elizaberth-chipeleme","55024, 58650"
628,ALG / ALG,"Majed Yacine BALAHOUNE, Halla BOUKSANI",-11,0 - 0,$0.00,"1,520 / 1","https://bwfbadminton.com/player/88475/majed-yacine-balahoune,https://bwfbadminton.com/player/64063/halla-bouksani","88475, 64063"
628,RSA / RSA,"James Hilton MCMANUS, Michelle BUTLER-EMMETT",-11,0 - 0,"$1,082.49","1,520 / 1","https://bwfbadminton.com/player/43156/james-hilton-mcmanus,https://bwfbadminton.com/player/51335/michelle-butler-emmett","43156, 51335"
628,JPN / JPN,"Naoto KAWABATA, Moe YAMAGUCHI",-11,0 - 0,$75.00,"1,520 / 1","https://bwfbadminton.com/player/70629/naoto-kawabata,https://bwfbadminton.com/player/65837/moe-yamaguchi","70629, 65837"
628,KOR / KOR,"KANG Minhyuk, BAEK Ha Na",-11,0 - 0,$75.00,"1,520 / 1","https://bwfbadminton.com/player/77262/kang-minhyuk,https://bwfbadminton.com/player/56706/baek-ha-na","77262, 56706"
628,KOR / KOR,"Jong Woo CHOI, YOO Chae Ran",-11,0 - 0,"$7,045.62","1,520 / 1","https://bwfbadminton.com/player/63258/jong-woo-choi,https://bwfbadminton.com/player/79061/yoo-chae-ran","63258, 79061"
628,KOR / KOR,"CHOI Hyuk Gyun, KIM Hyerin",-11,0 - 0,"$3,368.75","1,520 / 1","https://bwfbadminton.com/player/94757/choi-hyuk-gyun,https://bwfbadminton.com/player/57824/kim-hyerin","94757, 57824"
628,DEN / DEN,"Frederik SØGAARD, Emilie JUUL",-11,0 - 0,$0.00,"1,520 / 1","https://bwfbadminton.com/player/57731/frederik-s%C3%98gaard,https://bwfbadminton.com/player/77693/emilie-juul","57731, 77693"
628,CHN / CHN,"YU Xiaoyu, ZHOU Chao Min",-11,0 - 0,"$3,642.50","1,520 / 1","https://bwfbadminton.com/player/59175/yu-xiaoyu,https://bwfbadminton.com/player/63185/zhou-chao-min","59175, 63185"
628,CHN / CHN,"Binbin ZHENG, ZHANG Shu Xian",-11,0 - 0,$187.50,"1,520 / 1","https://bwfbadminton.com/player/94781/binbin-zheng,https://bwfbadminton.com/player/85914/zhang-shu-xian","94781, 85914"
628,CHN / CHN,"DI Zi Jian, LIU Huijie",-11,0 - 0,$187.50,"1,520 / 1","https://bwfbadminton.com/player/87985/di-zi-jian,https://bwfbadminton.com/player/76138/liu-huijie","87985, 76138"
628,CHN / CHN,"XIN Anqi, JI Shu Ting",-11,0 - 0,$187.50,"1,520 / 1","https://bwfbadminton.com/player/94577/xin-anqi,https://bwfbadminton.com/player/79753/ji-shu-ting","94577, 79753"
628,CHN / CHN,"WU Yifei, Rouhao LYU",-11,0 - 0,$187.50,"1,520 / 1","https://bwfbadminton.com/player/84942/wu-yifei,https://bwfbadminton.com/player/63743/rouhao-lyu","84942, 63743"
628,CHN / CHN,"Yisheng LI, SHEN Lingjie",-11,0 - 0,$562.50,"1,520 / 1","https://bwfbadminton.com/player/26810/yisheng-li,https://bwfbadminton.com/player/98803/shen-lingjie","26810, 98803"
628,CHN / CHN,"SU Xin, CHEN Ying Ying",-11,0 - 0,$187.50,"1,520 / 1","https://bwfbadminton.com/player/98344/su-xin,https://bwfbadminton.com/player/55716/chen-ying-ying","98344, 55716"
628,CHN / CHN,"XIAO Xiang, YU Xueying",-11,0 - 0,$187.50,"1,520 / 1","https://bwfbadminton.com/player/87374/xiao-xiang,https://bwfbadminton.com/player/96878/yu-xueying","87374, 96878"
628,USA / USA,"Phillip CHEW, Ariel LEE",-11,0 - 0,"$11,300.24","1,520 / 1","https://bwfbadminton.com/player/36299/phillip-chew,https://bwfbadminton.com/player/59441/ariel-lee","36299, 59441"
628,USA / INA,"Sheng LYU, Maziyyah NADHIR",-11,0 - 0,$65.62,"1,520 / 1","https://bwfbadminton.com/player/90593/sheng-lyu,https://bwfbadminton.com/player/26019/maziyyah-nadhir","90593, 26019"
628,CAN / CAN,"Adrian LIU, Josephine WU",-11,0 - 0,"$2,663.72","1,520 / 1","https://bwfbadminton.com/player/87626/adrian-liu,https://bwfbadminton.com/player/86226/josephine-wu","87626, 86226"
628,DEN / DEN,"Frederik SØGAARD, Amalie MAGELUND",-11,0 - 0,$0.00,"1,520 / 1","https://bwfbadminton.com/player/57731/frederik-s%C3%98gaard,https://bwfbadminton.com/player/95643/amalie-magelund","57731, 95643"
628,ENG / ENG,"Max FLYNN, Nicola GRESTY",-11,0 - 0,$0.00,"1,520 / 1","https://bwfbadminton.com/player/62199/max-flynn,https://bwfbadminton.com/player/72186/nicola-gresty","62199, 72186"
628,IND / IND,"RAJESH KRISHNAN NAVANEETHAKRISHNAN, CH. Poornima",-11,0 - 0,$21.75,"1,520 / 1","https://bwfbadminton.com/player/93955/rajesh-krishnan-navaneethakrishnan,https://bwfbadminton.com/player/69187/ch-poornima","93955, 69187"
628,TPE / TPE,"LU Chia Hung, LIN Jhih Yun",-11,0 - 0,$564.86,"1,520 / 1","https://bwfbadminton.com/player/91254/lu-chia-hung,https://bwfbadminton.com/player/69009/lin-jhih-yun","91254, 69009"
628,INA / INA,"Erwin Rendana PURNOMO, Riska Ayu INDAH SARI",-11,0 - 0,$318.75,"1,520 / 1","https://bwfbadminton.com/player/88439/erwin-rendana-purnomo,https://bwfbadminton.com/player/76970/riska-ayu-indah-sari","88439, 76970"
628,INA / INA,"Rizal Muhammad SOFYAN, Siti Fadia Silva RAMADHANTI",-11,0 - 0,$111.25,"1,520 / 1","https://bwfbadminton.com/player/80530/rizal-muhammad-sofyan,https://bwfbadminton.com/player/88097/siti-fadia-silva-ramadhanti","80530, 88097"
628,INA / INA,"Haffiz Nur ADILA, Agatha IMANUELA",-11,0 - 0,$75.00,"1,520 / 1","https://bwfbadminton.com/player/88716/haffiz-nur-adila,https://bwfbadminton.com/player/81486/agatha-imanuela","88716, 81486"
628,INA / INA,"Tedi SUPRIADI, Keshya Nurvita HANADIA",-11,0 - 0,"$3,436.22","1,520 / 1","https://bwfbadminton.com/player/87310/tedi-supriadi,https://bwfbadminton.com/player/17156/keshya-nurvita-hanadia","87310, 17156"
628,DEN / DEN,"Mikkel MIKKELSEN, Isabella NIELSEN",-11,0 - 0,"$5,401.00","1,520 / 1","https://bwfbadminton.com/player/76031/mikkel-mikkelsen,https://bwfbadminton.com/player/90607/isabella-nielsen","76031, 90607"
628,SWE / DEN,"Filip Michael Duwall MYHREN, Amanda MADSEN",-11,0 - 0,"$3,000.00","1,520 / 1","https://bwfbadminton.com/player/57568/filip-michael-duwall-myhren,https://bwfbadminton.com/player/93527/amanda-madsen","57568, 93527"
628,IND / BRN,"Sanjay JAIMY, Anza ABDULRAHIM",-11,0 - 0,$173.12,"1,520 / 1","https://bwfbadminton.com/player/81716/sanjay-jaimy,https://bwfbadminton.com/player/86679/anza-abdulrahim","81716, 86679"
628,BRN / BRN,"Josiah Castro BABAD, Maria Christina PASCUA",-11,0 - 0,$126.88,"1,520 / 1","https://bwfbadminton.com/player/66045/josiah-castro-babad,https://bwfbadminton.com/player/65487/maria-christina-pascua","66045, 65487"
628,BRN / IND,"Adnan EBRAHIM, Tanisha CRASTO",-11,0 - 0,$93.74,"1,520 / 1","https://bwfbadminton.com/player/80189/adnan-ebrahim,https://bwfbadminton.com/player/94165/tanisha-crasto","80189, 94165"
628,BRN / BRN,"Randy BACIA, Irish Georgette DIZON",-11,0 - 0,$145.00,"1,520 / 1","https://bwfbadminton.com/player/82431/randy-bacia,https://bwfbadminton.com/player/64467/irish-georgette-dizon","82431, 64467"
628,DEN / DEN,"Jeppe BAY, Elisa MELGAARD",-11,0 - 0,$0.00,"1,520 / 1","https://bwfbadminton.com/player/69316/jeppe-bay,https://bwfbadminton.com/player/85818/elisa-melgaard","69316, 85818"
628,RUS / RUS,"Sergey SCHERBIN, Polina VORONKO",-11,0 - 1,$18.12,"1,520 / 1","https://bwfbadminton.com/player/81481/sergey-scherbin,https://bwfbadminton.com/player/65993/polina-voronko","81481, 65993"
628,RUS / RUS,"Vasily KUZNETSOV, Tatjana BIBIK",-11,1 - 1,"$4,340.49","1,520 / 1","https://bwfbadminton.com/player/33253/vasily-kuznetsov,https://bwfbadminton.com/player/51261/tatjana-bibik","33253, 51261"
628,RUS / RUS,"Vadim NOVOSELOV, Kseniia GLUSHCHENKO",-11,1 - 0,$302.50,"1,520 / 1","https://bwfbadminton.com/player/97028/vadim-novoselov,https://bwfbadminton.com/player/96419/kseniia-glushchenko","97028, 96419"
628,RUS / RUS,"Alexander LOGINOV, Amina NELIDOVA",-11,0 - 1,$0.00,"1,520 / 1","https://bwfbadminton.com/player/64341/alexander-loginov,https://bwfbadminton.com/player/81559/amina-nelidova","64341, 81559"
628,ENG / ENG,"Sean VENDY, Sarah WALKER",-11,2 - 1,$0.00,"1,520 / 1","https://bwfbadminton.com/player/72478/sean-vendy,https://bwfbadminton.com/player/34240/sarah-walker","72478, 34240"
628,INA / INA,"Agripinna Prima Rahmanto PUTRA, Syifa FAUZIAH",-11,2 - 1,$932.49,"1,520 / 1","https://bwfbadminton.com/player/72715/agripinna-prima-rahmanto-putra,https://bwfbadminton.com/player/66714/syifa-fauziah","72715, 66714"
628,RUS / RUS,"Denis GRACHEV, Natalia ROGOVA",-11,1 - 2,$740.62,"1,520 / 1","https://bwfbadminton.com/player/53663/denis-grachev,https://bwfbadminton.com/player/81647/natalia-rogova","53663, 81647"
628,BRA / BRA,"Mateus Carrijo CUTTI, Paloma Eduarda da SILVA",-11,0 - 1,$178.12,"1,520 / 1","https://bwfbadminton.com/player/71248/mateus-carrijo-cutti,https://bwfbadminton.com/player/93397/paloma-eduarda-da-silva","71248, 93397"
628,DEN / DEN,"Frederik SØGAARD, Sara LUNDGAARD",-11,4 - 3,$0.00,"1,520 / 1","https://bwfbadminton.com/player/57731/frederik-s%C3%98gaard,https://bwfbadminton.com/player/71690/sara-lundgaard","57731, 71690"
628,JPN / JPN,"Yuya KOMATSUZAKI, Shizuka MATSUO",-11,0 - 0,"$18,408.75","1,520 / 1","https://bwfbadminton.com/player/20434/yuya-komatsuzaki,https://bwfbadminton.com/player/55111/shizuka-matsuo","20434, 55111"
628,DEN / DEN,"Mathias WEBER ESTRUP, Josephine VAN ZAANE",-11,0 - 0,$0.00,"1,520 / 1","https://bwfbadminton.com/player/95050/mathias-weber-estrup,https://bwfbadminton.com/player/85041/josephine-van-zaane","95050, 85041"
628,UKR / UKR,"Mykola MARTYNENKO, Mariya RUD",-11,9 - 10,$0.00,"1,520 / 1","https://bwfbadminton.com/player/34022/mykola-martynenko,https://bwfbadminton.com/player/89963/mariya-rud","34022, 89963"
676,GRE / GRE,"Petros TENTAS, Eirini GOYGLERI",-11,0 - 0,$0.00,"1,500 / 3","https://bwfbadminton.com/player/27540/petros-tentas,https://bwfbadminton.com/player/95124/eirini-goygleri","27540, 95124"
677,ENG / ENG,"Sean VENDY, Heather OLVER",-11,0 - 0,"$18,629.38","1,490 / 2","https://bwfbadminton.com/player/72478/sean-vendy,https://bwfbadminton.com/player/53851/heather-olver","72478, 53851"
678,EST / EST,"Marcus LÕO, Kati-Kreet MARRAN",-11,0 - 0,$0.00,"1,480 / 3","https://bwfbadminton.com/player/99359/marcus-loo,https://bwfbadminton.com/player/66267/kati-kreet-marran","99359, 66267"
679,CHN / CHN,"LIU Zerun, CHEN Si",-11,0 - 0,$0.00,"1,470 / 2","https://bwfbadminton.com/player/64348/liu-zerun,https://bwfbadminton.com/player/80175/chen-si","64348, 80175"
679,PER / PER,"Renzo CAMOGLIANO TELGE, Ines MENDOZA ROSELL",-11,0 - 0,$75.00,"1,470 / 2","https://bwfbadminton.com/player/79507/renzo-camogliano-telge,https://bwfbadminton.com/player/77512/ines-mendoza-rosell","79507, 77512"
679,POR / POR,"Rui MENDES, Joana LOPES",-11,0 - 0,$0.00,"1,470 / 2","https://bwfbadminton.com/player/52800/rui-mendes,https://bwfbadminton.com/player/88621/joana-lopes","52800, 88621"
679,FIN / FIN,"Mika KONGAS, Elina NIIRANEN",-11,0 - 0,$0.00,"1,470 / 2","https://bwfbadminton.com/player/87512/mika-kongas,https://bwfbadminton.com/player/77715/elina-niiranen","87512, 77715"
679,DEN / DEN,"Emil LAURITZEN, Elisa MELGAARD",-11,0 - 0,$0.00,"1,470 / 2","https://bwfbadminton.com/player/80145/emil-lauritzen,https://bwfbadminton.com/player/85818/elisa-melgaard","80145, 85818"
679,SCO / SCO,"Christopher GRIMLEY, Ciara TORRANCE",-11,0 - 0,$0.00,"1,470 / 2","https://bwfbadminton.com/player/70028/christopher-grimley,https://bwfbadminton.com/player/92277/ciara-torrance","70028, 92277"
679,DEN / DEN,"Emil HYBEL, Sofie NIELSEN",-11,0 - 0,$0.00,"1,470 / 2","https://bwfbadminton.com/player/55846/emil-hybel,https://bwfbadminton.com/player/87102/sofie-nielsen","55846, 87102"
679,VIE / VIE,"AN Thanh Huy, Thi Yen Chi TRAN",-11,0 - 0,$0.00,"1,470 / 2","https://bwfbadminton.com/player/67697/an-thanh-huy,https://bwfbadminton.com/player/86529/thi-yen-chi-tran","67697, 86529"
679,VIE / VIE,"Hoang Nhat Quang LE, Thi Phuong Ha NGUYEN",-11,0 - 1,$0.00,"1,470 / 2","https://bwfbadminton.com/player/93871/hoang-nhat-quang-le,https://bwfbadminton.com/player/61491/thi-phuong-ha-nguyen","93871, 61491"
679,MAS / MAS,"Zachary Chiong Shen SIA, Anna Ching Yik CHEONG",-11,1 - 2,$9.38,"1,470 / 2","https://bwfbadminton.com/player/97338/zachary-chiong-shen-sia,https://bwfbadminton.com/player/62570/anna-ching-yik-cheong","97338, 62570"
679,TPE / TPE,"YANG Ming-Tse, SUNG Shuo Yun",-11,3 - 3,$605.86,"1,470 / 2","https://bwfbadminton.com/player/60516/yang-ming-tse,https://bwfbadminton.com/player/88807/sung-shuo-yun","60516, 88807"
679,TUR / TUR,"Emre SONMEZ, Bengisu ERCETIN",-11,0 - 1,$0.00,"1,470 / 2","https://bwfbadminton.com/player/87483/emre-sonmez,https://bwfbadminton.com/player/62426/bengisu-ercetin","87483, 62426"
679,CHI / CHI,"Diego CASTILLO, Belen TRONCOSO",-11,0 - 1,$0.00,"1,470 / 2","https://bwfbadminton.com/player/60528/diego-castillo,https://bwfbadminton.com/player/57667/belen-troncoso","60528, 57667"
692,INA / INA,"Rinov RIVALDY, Angelica WIRATAMA",-11,0 - 0,$564.75,"1,440 / 2","https://bwfbadminton.com/player/88451/rinov-rivaldy,https://bwfbadminton.com/player/71012/angelica-wiratama","88451, 71012"
693,INA / INA,"Zachariah Josiahno SUMANTI, Marisa Vania Liske TENEH",-11,0 - 0,$63.44,"1,430 / 2","https://bwfbadminton.com/player/80229/zachariah-josiahno-sumanti,https://bwfbadminton.com/player/97278/marisa-vania-liske-teneh","80229, 97278"
694,DEN / DEN,"Rasmus RYLANDER, Susan EKELUND",-11,0 - 0,$0.00,"1,420 / 1","https://bwfbadminton.com/player/82282/rasmus-rylander,https://bwfbadminton.com/player/90497/susan-ekelund","82282, 90497"
694,ENG / BUL,"Ben STAWSKI, Lubomira STOYNOVA",-11,0 - 0,"$1,500.50","1,420 / 1","https://bwfbadminton.com/player/75735/ben-stawski,https://bwfbadminton.com/player/19174/lubomira-stoynova","75735, 19174"
696,IND / IND,"Chirag SHETTY, Mahima AGGARWAL",-11,0 - 0,$225.00,"1,400 / 2","https://bwfbadminton.com/player/70500/chirag-shetty,https://bwfbadminton.com/player/72445/mahima-aggarwal","70500, 72445"
697,AUT / AUT,"Leon SEIWALD, Antonia MEINKE",-11,0 - 0,$0.00,"1,380 / 2","https://bwfbadminton.com/player/83016/leon-seiwald,https://bwfbadminton.com/player/86895/antonia-meinke","83016, 86895"
698,MGL / MGL,"Batdavaa MUNKHBAT, Saikhantuul BANZRAGCH",0,0 - 0,$18.76,"1,370 / 1","https://bwfbadminton.com/player/67753/batdavaa-munkhbat,https://bwfbadminton.com/player/99955/saikhantuul-banzragch","67753, 99955"
698,MGL / MGL,"Khuvituguldur BYAMBAJAV, Olzvoi JANCHIV",0,0 - 0,$27.50,"1,370 / 1","https://bwfbadminton.com/player/93554/khuvituguldur-byambajav,https://bwfbadminton.com/player/97198/olzvoi-janchiv","93554, 97198"
698,MGL / MGL,"Gunzorig ENKHJARGAL, Uurtsaikh ERKHEMBAYAR",0,0 - 0,$0.00,"1,370 / 1","https://bwfbadminton.com/player/61907/gunzorig-enkhjargal,https://bwfbadminton.com/player/99353/uurtsaikh-erkhembayar","61907, 99353"
698,MGL / MGL,"Gunzorig ENKHJARGAL, Uurtsaikh ERKHEMBAYAR",0,0 - 0,$0.00,"1,370 / 1","https://bwfbadminton.com/player/61907/gunzorig-enkhjargal,https://bwfbadminton.com/player/99353/uurtsaikh-erkhembayar","61907, 99353"
698,MRI / MRI,"Helvin ARNACHELLUM, Jemimah LEUNG FOR SANG",-11,0 - 0,$0.00,"1,370 / 1","https://bwfbadminton.com/player/61153/helvin-arnachellum,https://bwfbadminton.com/player/94256/jemimah-leung-for-sang","61153, 94256"
698,MDV / MDV,"Ahmed NIBAL, Maisa Fathuhulla ISMAIL",-11,0 - 0,$11.25,"1,370 / 1","https://bwfbadminton.com/player/79176/ahmed-nibal,https://bwfbadminton.com/player/89832/maisa-fathuhulla-ismail","79176, 89832"
698,BEL / BEL,"Matijs DIERICKX, Flore VANDENHOUCKE",-11,0 - 0,$0.00,"1,370 / 1","https://bwfbadminton.com/player/93750/matijs-dierickx,https://bwfbadminton.com/player/65846/flore-vandenhoucke","93750, 65846"
698,GER / GER,"Bjarne GEISS, Emma MOSZCZYNSKI",-11,0 - 0,$103.12,"1,370 / 1","https://bwfbadminton.com/player/59472/bjarne-geiss,https://bwfbadminton.com/player/57180/emma-moszczynski","59472, 57180"
698,SLO / SLO,"Andraz KRAPEZ, Nika ARIH",-11,0 - 0,$0.00,"1,370 / 1","https://bwfbadminton.com/player/98248/andraz-krapez,https://bwfbadminton.com/player/56927/nika-arih","98248, 56927"
698,INA / INA,"Rehan Naufal KUSHARJANTO, Siti Fadia Silva RAMADHANTI",-11,0 - 0,$110.00,"1,370 / 1","https://bwfbadminton.com/player/87045/rehan-naufal-kusharjanto,https://bwfbadminton.com/player/88097/siti-fadia-silva-ramadhanti","87045, 88097"
698,INA / INA,"Muhammad FACHRIKAR, Zarra Faza AZKA",-11,0 - 0,$166.24,"1,370 / 1","https://bwfbadminton.com/player/79567/muhammad-fachrikar,https://bwfbadminton.com/player/83932/zarra-faza-azka","79567, 83932"
698,PER / PER,"Diego SUBAUSTE TOKUMURA, Ingrid Valeria SALAS HUAMANI",-11,0 - 0,$138.44,"1,370 / 1","https://bwfbadminton.com/player/93754/diego-subauste-tokumura,https://bwfbadminton.com/player/68636/ingrid-valeria-salas-huamani","93754, 68636"
698,COD / COD,"Mutombo TSHIZANGA, Katembua ODIA",-11,0 - 0,$0.00,"1,370 / 1","https://bwfbadminton.com/player/99864/mutombo-tshizanga,https://bwfbadminton.com/player/75740/katembua-odia","99864, 75740"
698,UGA / UGA,"Daniel MIHIGO, Aisha NAKIYEMBA",-11,0 - 0,$0.00,"1,370 / 1","https://bwfbadminton.com/player/17922/daniel-mihigo,https://bwfbadminton.com/player/66881/aisha-nakiyemba","17922, 66881"
698,UGA / UGA,"Davies SENONO, Bridget Shamim BANGI",-11,0 - 0,$500.00,"1,370 / 1","https://bwfbadminton.com/player/45666/davies-senono,https://bwfbadminton.com/player/83532/bridget-shamim-bangi","45666, 83532"
698,NZL / NZL,"Dacmen VONG, Alyssa TAGLE",-11,0 - 0,$58.00,"1,370 / 1","https://bwfbadminton.com/player/70788/dacmen-vong,https://bwfbadminton.com/player/72802/alyssa-tagle","70788, 72802"
698,MAS / MAS,"Calvin Jia Hong ONG, Lyddia Yi Yu CHEAH",-11,0 - 0,$37.50,"1,370 / 1","https://bwfbadminton.com/player/67985/calvin-jia-hong-ong,https://bwfbadminton.com/player/52103/lyddia-yi-yu-cheah","67985, 52103"
698,UKR / UKR,"Mykola MARTYNENKO, Darya SAMARCHANTS",-11,0 - 0,$0.00,"1,370 / 1","https://bwfbadminton.com/player/34022/mykola-martynenko,https://bwfbadminton.com/player/95248/darya-samarchants","34022, 95248"
698,RUS / RUS,"Alexandr SOROKIN, Natalia ROGOVA",-11,0 - 0,$0.00,"1,370 / 1","https://bwfbadminton.com/player/93992/alexandr-sorokin,https://bwfbadminton.com/player/81647/natalia-rogova","93992, 81647"
698,TUR / TUR,"Mert TUNCO, Ilayda Nur OZELGUL",-11,0 - 0,$0.00,"1,370 / 1","https://bwfbadminton.com/player/72258/mert-tunco,https://bwfbadminton.com/player/66567/ilayda-nur-ozelgul","72258, 66567"
698,ZAM / ZAM,"Kalombo MULENGA, Mary CHILAMBE",-11,0 - 0,$0.00,"1,370 / 1","https://bwfbadminton.com/player/55024/kalombo-mulenga,https://bwfbadminton.com/player/73995/mary-chilambe","55024, 73995"
698,RSA / RSA,"Jason MANN, Michelle BUTLER-EMMETT",-11,0 - 0,"$1,054.37","1,370 / 1","https://bwfbadminton.com/player/60390/jason-mann,https://bwfbadminton.com/player/51335/michelle-butler-emmett","60390, 51335"
698,ZAM / ZAM,"Ngosa CHONGO, Ngandwe MIYAMBO",-11,0 - 0,$0.00,"1,370 / 1","https://bwfbadminton.com/player/74887/ngosa-chongo,https://bwfbadminton.com/player/35183/ngandwe-miyambo","74887, 35183"
698,ZAM / UGA,"Kalonde CHARLES, Aisha NAKIYEMBA",-11,0 - 0,$0.00,"1,370 / 1","https://bwfbadminton.com/player/84424/kalonde-charles,https://bwfbadminton.com/player/66881/aisha-nakiyemba","84424, 66881"
698,FIN / FIN,"Ville LANG, Riikka SINKKO",-11,0 - 0,$0.00,"1,370 / 1","https://bwfbadminton.com/player/15453/ville-lang,https://bwfbadminton.com/player/59844/riikka-sinkko","15453, 59844"
698,IND / IND,"SRIKRISHNA SAI KUMAR PODILE, SRISHTI JUPUDI",-11,0 - 0,$0.00,"1,370 / 1","https://bwfbadminton.com/player/58595/srikrishna-sai-kumar-podile,https://bwfbadminton.com/player/64723/srishti-jupudi","58595, 64723"
698,IND / IND,"Akshay RAUT, Rupsa GHOSH",-11,0 - 0,$0.00,"1,370 / 1","https://bwfbadminton.com/player/84376/akshay-raut,https://bwfbadminton.com/player/94302/rupsa-ghosh","84376, 94302"
698,TTO / TTO,"Will LEE, Jada RENALES",-11,0 - 0,$0.00,"1,370 / 1","https://bwfbadminton.com/player/67775/will-lee,https://bwfbadminton.com/player/63742/jada-renales","67775, 63742"
698,SUR / SUR,"Quinten KERTOTIKO, Carolyne JAMESON",-11,0 - 0,$0.00,"1,370 / 1","https://bwfbadminton.com/player/66128/quinten-kertotiko,https://bwfbadminton.com/player/76394/carolyne-jameson","66128, 76394"
698,DOM / DOM,"Reimi Starling CABRERA ROSARIO, Fanny DUARTE",-11,0 - 0,$0.00,"1,370 / 1","https://bwfbadminton.com/player/76657/reimi-starling-cabrera-rosario,https://bwfbadminton.com/player/63381/fanny-duarte","76657, 63381"
698,EGY / EGY,"Abdalla Abdelhakim HUSSEIN, Farida MOSTAFA",-11,0 - 0,$0.00,"1,370 / 1","https://bwfbadminton.com/player/88490/abdalla-abdelhakim-hussein,https://bwfbadminton.com/player/55958/farida-mostafa","88490, 55958"
698,EGY / EGY,"Omar EMAD, Salma ASHRAF MOHAMED",-11,0 - 0,$0.00,"1,370 / 1","https://bwfbadminton.com/player/65590/omar-emad,https://bwfbadminton.com/player/70338/salma-ashraf-mohamed","65590, 70338"
698,FRA /  / FRA,"Marc LAPORTE, Vimala HERIAU",-11,0 - 0,$0.00,"1,370 / 1","https://bwfbadminton.com/player/89124/marc-laporte,https://bwfbadminton.com/player/90317/vimala-heriau","89124, 90317"
698,PAK / PAK,"Anjum BASHIR, Ghazala SADDIQUE",-11,0 - 0,$71.62,"1,370 / 1","https://bwfbadminton.com/player/76373/anjum-bashir,https://bwfbadminton.com/player/81451/ghazala-saddique","76373, 81451"
698,ETH / ETH,"Melaku AMDEBIRHANU, BELETE Melat",-11,0 - 0,$0.00,"1,370 / 1","https://bwfbadminton.com/player/61961/melaku-amdebirhanu,https://bwfbadminton.com/player/84458/belete-melat","61961, 84458"
698,ETH / ETH,"Amanuel BEKELE, Yirga FREHIWOT",-11,0 - 0,$0.00,"1,370 / 1","https://bwfbadminton.com/player/93709/amanuel-bekele,https://bwfbadminton.com/player/71683/yirga-frehiwot","93709, 71683"
698,SGP / SGP,"Guang Liang Jason WONG, WONG Jia Ying Crystal",-11,0 - 0,$546.63,"1,370 / 1","https://bwfbadminton.com/player/97402/guang-liang-jason-wong,https://bwfbadminton.com/player/59275/wong-jia-ying-crystal","97402, 59275"
698,TPE / TPE,"LU Chia Hung, LEE Chih Chen",-11,0 - 0,$478.81,"1,370 / 1","https://bwfbadminton.com/player/91254/lu-chia-hung,https://bwfbadminton.com/player/77386/lee-chih-chen","91254, 77386"
698,KOR / KOR,"Jae Woo LEE, Eun Ha LIM",-11,0 - 0,$43.50,"1,370 / 1","https://bwfbadminton.com/player/99011/jae-woo-lee,https://bwfbadminton.com/player/82543/eun-ha-lim","99011, 82543"
698,MEX / MEX,"Jesus Arturo BARAJAS LOPEZ, Vanessa Karmine VILLALOBOS VAZQUEZ",-11,0 - 0,$0.00,"1,370 / 1","https://bwfbadminton.com/player/70076/jesus-arturo-barajas-lopez,https://bwfbadminton.com/player/80824/vanessa-karmine-villalobos-vazquez","70076, 80824"
698,MEX / MEX,"Luis Armando MONTOYA NAVARRO, Natalia Eyennidth SERNA LEYVA",-11,0 - 0,$0.00,"1,370 / 1","https://bwfbadminton.com/player/74987/luis-armando-montoya-navarro,https://bwfbadminton.com/player/95482/natalia-eyennidth-serna-leyva","74987, 95482"
698,MEX / MEX,"Sebastian MARTINEZ CARDOSO, Ayidsa BARAJAS",-11,0 - 0,$0.00,"1,370 / 1","https://bwfbadminton.com/player/74281/sebastian-martinez-cardoso,https://bwfbadminton.com/player/66019/ayidsa-barajas","74281, 66019"
698,DEN / DEN,"Mathias Moldt BASKJAER, Janne KORNUM",-11,0 - 2,$0.00,"1,370 / 1","https://bwfbadminton.com/player/62637/mathias-moldt-baskjaer,https://bwfbadminton.com/player/69867/janne-kornum","62637, 69867"
698,TPE / TPE,"LIN Sheng Chieh, Shih Jyun JHOU",-11,1 - 2,$81.00,"1,370 / 1","https://bwfbadminton.com/player/75373/lin-sheng-chieh,https://bwfbadminton.com/player/95776/shih-jyun-jhou","75373, 95776"
698,ZAM / ZAM,"Cephus BANDA, Matildah KALANDANYA",-11,0 - 1,$0.00,"1,370 / 1","https://bwfbadminton.com/player/95034/cephus-banda,https://bwfbadminton.com/player/78142/matildah-kalandanya","95034, 78142"
698,FRA / FRA,"Thom GICQUEL, Vimala HERIAU",-11,7 - 2,$200.10,"1,370 / 1","https://bwfbadminton.com/player/68544/thom-gicquel,https://bwfbadminton.com/player/90317/vimala-heriau","68544, 90317"
698,TUR / TUR,"Osman UYHAN, Kübra KARATAS",-11,0 - 0,$0.00,"1,370 / 1","https://bwfbadminton.com/player/59082/osman-uyhan,https://bwfbadminton.com/player/76755/kuebra-karatas","59082, 76755"
698,TUR / TUR,"Burak Furkan DEMIR, Büşra BENK",-11,3 - 3,$0.00,"1,370 / 1","https://bwfbadminton.com/player/97958/burak-furkan-demir,https://bwfbadminton.com/player/92357/bue%C5%9Fra-benk","97958, 92357"
698,RSA / RSA,"Johan CROUKAMP, Lynn FRY",-11,0 - 0,$0.00,"1,370 / 1","https://bwfbadminton.com/player/84226/johan-croukamp,https://bwfbadminton.com/player/54734/lynn-fry","84226, 54734"
698,USA / USA,"Pedro Arturo GARCIA-FLORES, Jacqueline Wendy MYERS",-11,0 - 2,$0.00,"1,370 / 1","https://bwfbadminton.com/player/52990/pedro-arturo-garcia-flores,https://bwfbadminton.com/player/62708/jacqueline-wendy-myers","52990, 62708"
698,MDV / MDV,"Mohamed Ajfan RASHEED, Neela NAJEEB",-11,0 - 0,$112.48,"1,370 / 1","https://bwfbadminton.com/player/67237/mohamed-ajfan-rasheed,https://bwfbadminton.com/player/67242/neela-najeeb","67237, 67242"
698,SUR / SUR,"Dylan DARMOHOETOMO, Crystal LEEFMANS",-11,0 - 0,$60.00,"1,370 / 1","https://bwfbadminton.com/player/69570/dylan-darmohoetomo,https://bwfbadminton.com/player/84728/crystal-leefmans","69570, 84728"
698,SUI / SUI,"Anthony DUMARTHERAY, Sabrina JAQUET",-11,46 - 73,"$6,091.74","1,370 / 1","https://bwfbadminton.com/player/54041/anthony-dumartheray,https://bwfbadminton.com/player/54068/sabrina-jaquet","54041, 54068"
751,TPE / TPE,"LU Chia Pin, YANG Ching Tun",-15,0 - 0,"$2,826.23","1,320 / 2","https://bwfbadminton.com/player/86722/lu-chia-pin,https://bwfbadminton.com/player/78687/yang-ching-tun","86722, 78687"
752,MEX / MEX,"Job CASTILLO, Haramara GAITAN",-15,0 - 0,$110.61,"1,290 / 1","https://bwfbadminton.com/player/93101/job-castillo,https://bwfbadminton.com/player/85514/haramara-gaitan","93101, 85514"
752,GUA / GUA,"Anibal MARROQUIN, Diana CORLETO SOTO",-15,0 - 0,$138.73,"1,290 / 1","https://bwfbadminton.com/player/93965/anibal-marroquin,https://bwfbadminton.com/player/56401/diana-corleto-soto","93965, 56401"
752,MEX / MEX,"Francisco Rafael TREVINO BUENROSTRO, Mariana UGALDE",-15,0 - 0,$379.56,"1,290 / 1","https://bwfbadminton.com/player/88385/francisco-rafael-trevino-buenrostro,https://bwfbadminton.com/player/61244/mariana-ugalde","88385, 61244"
752,SCO / ENG,"Alexander DUNN, Evie BURBIDGE",-15,0 - 0,$0.00,"1,290 / 1","https://bwfbadminton.com/player/67922/alexander-dunn,https://bwfbadminton.com/player/56534/evie-burbidge","67922, 56534"
752,TPE / TPE,"HSU Jen Hao, YU Chien Hui",-15,0 - 0,$246.87,"1,290 / 1","https://bwfbadminton.com/player/67100/hsu-jen-hao,https://bwfbadminton.com/player/75154/yu-chien-hui","67100, 75154"
752,CZE / CZE,"Filip BUDZEL, Kristina GAVNHOLT",-15,0 - 0,$54.37,"1,290 / 1","https://bwfbadminton.com/player/61900/filip-budzel,https://bwfbadminton.com/player/51739/kristina-gavnholt","61900, 51739"
752,NED / NED,"Ties VAN DER LECQ, Alyssa TIRTOSENTONO",-15,0 - 0,$0.00,"1,290 / 1","https://bwfbadminton.com/player/91971/ties-van-der-lecq,https://bwfbadminton.com/player/76188/alyssa-tirtosentono","91971, 76188"
752,GER / GER,"Ary TRISNANTO, Priskila SIAHAYA",-15,0 - 0,$0.00,"1,290 / 1","https://bwfbadminton.com/player/75986/ary-trisnanto,https://bwfbadminton.com/player/85730/priskila-siahaya","75986, 85730"
752,RUS / RUS,"Semen IAKOVLEV, Daria RADCHENKO",-15,0 - 0,$299.99,"1,290 / 1","https://bwfbadminton.com/player/68399/semen-iakovlev,https://bwfbadminton.com/player/86653/daria-radchenko","68399, 86653"
752,RUS / RUS,"Alexander BUTOVETSTKIY, Yana IGNATYEVA",-15,0 - 0,$0.00,"1,290 / 1","https://bwfbadminton.com/player/72488/alexander-butovetstkiy,https://bwfbadminton.com/player/56269/yana-ignatyeva","72488, 56269"
752,AZE / AZE,"Kanan RZAYEV, Adila MEHDIYEVA",-15,0 - 0,$0.00,"1,290 / 1","https://bwfbadminton.com/player/54387/kanan-rzayev,https://bwfbadminton.com/player/84703/adila-mehdiyeva","54387, 84703"
752,RUS / RUS,"Kirill TIMOFEEV, Polina MAKOGONOVA",-15,0 - 0,$0.00,"1,290 / 1","https://bwfbadminton.com/player/81865/kirill-timofeev,https://bwfbadminton.com/player/82899/polina-makogonova","81865, 82899"
752,AZE / AZE,"Orkhan GALANDAROV, Zulfiyya HUSEYNOVA",-15,0 - 0,$0.00,"1,290 / 1","https://bwfbadminton.com/player/57000/orkhan-galandarov,https://bwfbadminton.com/player/79308/zulfiyya-huseynova","57000, 79308"
752,RUS / RUS,"Alexej ZOLOTUEV, Victoria DEREVIYAGINA",-15,0 - 0,$368.75,"1,290 / 1","https://bwfbadminton.com/player/54921/alexej-zolotuev,https://bwfbadminton.com/player/90481/victoria-dereviyagina","54921, 90481"
752,RUS / RUS,"Ilya ZHDANOV, Ksenia EVGENOVA",-15,0 - 0,"$1,074.99","1,290 / 1","https://bwfbadminton.com/player/91608/ilya-zhdanov,https://bwfbadminton.com/player/64352/ksenia-evgenova","91608, 64352"
752,RUS / RUS,"Dmitrii KLIMENKO, Lela MINADZE",-15,0 - 0,$0.00,"1,290 / 1","https://bwfbadminton.com/player/59555/dmitrii-klimenko,https://bwfbadminton.com/player/66861/lela-minadze","59555, 66861"
752,BRA / BRA,"Alisson VASCONCELLOS, Paloma Eduarda da SILVA",-15,0 - 0,$243.74,"1,290 / 1","https://bwfbadminton.com/player/65183/alisson-vasconcellos,https://bwfbadminton.com/player/93397/paloma-eduarda-da-silva","65183, 93397"
752,BRA / BRA,"Luiz dos SANTOS, Paula PEREIRA",-15,0 - 0,"$1,577.77","1,290 / 1","https://bwfbadminton.com/player/36925/luiz-dos-santos,https://bwfbadminton.com/player/53980/paula-pereira","36925, 53980"
752,INA / INA,"Drajat BENO, Rofahadah Supriadi PUTRI",-15,0 - 0,$123.12,"1,290 / 1","https://bwfbadminton.com/player/92548/drajat-beno,https://bwfbadminton.com/player/97348/rofahadah-supriadi-putri","92548, 97348"
752,CHN / CHN,"Sijie ZHANG, CHENG Shu",-15,0 - 0,"$1,065.00","1,290 / 1","https://bwfbadminton.com/player/63479/sijie-zhang,https://bwfbadminton.com/player/54955/cheng-shu","63479, 54955"
752,TPE / TPE,"LIAO Min Chun, LEE Chih Chen",-15,0 - 0,"$13,497.99","1,290 / 1","https://bwfbadminton.com/player/53230/liao-min-chun,https://bwfbadminton.com/player/77386/lee-chih-chen","53230, 77386"
752,VIE / VIE,"Vinh Quang HO NGUYEN, Thi Thanh Thuy LE",-15,0 - 0,$282.50,"1,290 / 1","https://bwfbadminton.com/player/27756/vinh-quang-ho-nguyen,https://bwfbadminton.com/player/14121/thi-thanh-thuy-le","27756, 14121"
752,TPE / CAN,"KAN Chao Yu, Joanne Yu CHEN",-15,0 - 1,$206.24,"1,290 / 1","https://bwfbadminton.com/player/90973/kan-chao-yu,https://bwfbadminton.com/player/87549/joanne-yu-chen","90973, 87549"
752,CAN / CAN,"Nyl YAKURA, TAI Yi",-15,0 - 1,"$1,299.67","1,290 / 1","https://bwfbadminton.com/player/25322/nyl-yakura,https://bwfbadminton.com/player/54945/tai-yi","25322, 54945"
752,CAN / CAN,"Austin James BAUER, Kyleigh O’DONOGHUE",-15,0 - 1,$54.37,"1,290 / 1","https://bwfbadminton.com/player/79080/austin-james-bauer,https://bwfbadminton.com/player/68001/kyleigh-o%E2%80%99donoghue","79080, 68001"
752,CAN / CAN,"Byron Christopher HOLCEK, Erin O'DONOGHUE",-15,0 - 1,$0.00,"1,290 / 1","https://bwfbadminton.com/player/80050/byron-christopher-holcek,https://bwfbadminton.com/player/82457/erin-o-donoghue","80050, 82457"
752,CAN / CAN,"Jonathan Bing Tsan LAI, Michelle TONG",-15,0 - 1,$297.80,"1,290 / 1","https://bwfbadminton.com/player/96537/jonathan-bing-tsan-lai,https://bwfbadminton.com/player/90621/michelle-tong","96537, 90621"
752,INA / CAN,"Jeka WIRATAMA, Qingzi OUYANG",-15,0 - 1,$112.50,"1,290 / 1","https://bwfbadminton.com/player/95440/jeka-wiratama,https://bwfbadminton.com/player/77798/qingzi-ouyang","95440, 77798"
752,TPE / CAN,"LIAO Chao Hsiang, Phyllis CHAN",-15,0 - 1,"$2,399.33","1,290 / 1","https://bwfbadminton.com/player/85336/liao-chao-hsiang,https://bwfbadminton.com/player/74856/phyllis-chan","85336, 74856"
752,INA / INA,"Aji FIRMANSYAH, Natasha HERLOARDJO",-15,0 - 1,$18.75,"1,290 / 1","https://bwfbadminton.com/player/59309/aji-firmansyah,https://bwfbadminton.com/player/87666/natasha-herloardjo","59309, 87666"
752,THA / THA,"Panachai WORASAKTAYANAN, Alisa SAPNITI",-15,2 - 2,$393.74,"1,290 / 1","https://bwfbadminton.com/player/73494/panachai-worasaktayanan,https://bwfbadminton.com/player/99411/alisa-sapniti","73494, 99411"
752,RUS / RUS,"Andrey JDANOV, Olesia KISTER",-15,0 - 1,$0.00,"1,290 / 1","https://bwfbadminton.com/player/74694/andrey-jdanov,https://bwfbadminton.com/player/96243/olesia-kister","74694, 96243"
752,FIN / FIN,"Henri AARNIO, Jenny NYSTROM",-15,15 - 22,"$3,500.00","1,290 / 1","https://bwfbadminton.com/player/62470/henri-aarnio,https://bwfbadminton.com/player/64110/jenny-nystrom","62470, 64110"
752,BRA / BRA,"Igor IBRAHIM, Naira Beatriz VIER",-15,0 - 0,$239.05,"1,290 / 1","https://bwfbadminton.com/player/59597/igor-ibrahim,https://bwfbadminton.com/player/96037/naira-beatriz-vier","59597, 96037"
752,BRA / BRA,"Rodolfo Augusto SALLES, Thayse SALLES",-15,3 - 9,$506.22,"1,290 / 1","https://bwfbadminton.com/player/71210/rodolfo-augusto-salles,https://bwfbadminton.com/player/52910/thayse-salles","71210, 52910"
752,TPE / TPE,"LIANG Jui Wei, CHENG Chi Ya",-15,5 - 4,"$3,852.80","1,290 / 1","https://bwfbadminton.com/player/67442/liang-jui-wei,https://bwfbadminton.com/player/92339/cheng-chi-ya","67442, 92339"
788,BOT / BOT,"Tefo KABOMO, Tessa KABELO",-15,0 - 0,$0.00,"1,280 / 2","https://bwfbadminton.com/player/58767/tefo-kabomo,https://bwfbadminton.com/player/88189/tessa-kabelo","58767, 88189"
789,ITA / ITA,"Matteo BELLUCCI, Giulia FIORITO",-15,0 - 0,$0.00,"1,270 / 2","https://bwfbadminton.com/player/56762/matteo-bellucci,https://bwfbadminton.com/player/58993/giulia-fiorito","56762, 58993"
790,IND / IND,"Siddharth JAKHAR, Dimpal HAZARIKA",-15,0 - 0,$0.00,"1,210 / 2","https://bwfbadminton.com/player/99306/siddharth-jakhar,https://bwfbadminton.com/player/84629/dimpal-hazarika","99306, 84629"
791,DEN / DEN,"Søren TOFT, Lisa KRAMER",-15,0 - 0,$500.00,"1,170 / 1","https://bwfbadminton.com/player/94838/soren-toft,https://bwfbadminton.com/player/92405/lisa-kramer","94838, 92405"
791,MDA / MDA,"Alexander MORARI, Vlada GINGA",-15,0 - 0,$0.00,"1,170 / 1","https://bwfbadminton.com/player/53236/alexander-morari,https://bwfbadminton.com/player/64127/vlada-ginga","53236, 64127"
791,CZE / CZE,"Matěj HUBÁČEK, Berta AUSBERGEROVA",-15,0 - 0,$0.00,"1,170 / 1","https://bwfbadminton.com/player/71651/mat%C4%9Bj-huba%C4%8Cek,https://bwfbadminton.com/player/80107/berta-ausbergerova","71651, 80107"
791,RUS / RUS,"Dmitry USHAKOV, Daria SEREBRIAKOVA",-15,0 - 0,$103.12,"1,170 / 1","https://bwfbadminton.com/player/73119/dmitry-ushakov,https://bwfbadminton.com/player/77577/daria-serebriakova","73119, 77577"
791,CYP / ISR,"Elias NICOLAOU, Yana MOLODEZKI",-15,0 - 0,$0.00,"1,170 / 1","https://bwfbadminton.com/player/97072/elias-nicolaou,https://bwfbadminton.com/player/95397/yana-molodezki","97072, 95397"
791,ENG / MAS,"Max FLYNN, Lyddia Yi Yu CHEAH",-15,0 - 0,$0.00,"1,170 / 1","https://bwfbadminton.com/player/62199/max-flynn,https://bwfbadminton.com/player/52103/lyddia-yi-yu-cheah","62199, 52103"
791,TTO / TTO,"Will LEE, Solangel GUZMAN",-15,0 - 0,$0.00,"1,170 / 1","https://bwfbadminton.com/player/67775/will-lee,https://bwfbadminton.com/player/15027/solangel-guzman","67775, 15027"
791,BAR / BAR,"Jade BROWNE, Sabrina SCOTT",-15,0 - 0,$0.00,"1,170 / 1","https://bwfbadminton.com/player/69117/jade-browne,https://bwfbadminton.com/player/54547/sabrina-scott","69117, 54547"
791,CZE / CZE,"Jaromir JANACEK, Hana MILISOVA",-15,0 - 0,$93.75,"1,170 / 1","https://bwfbadminton.com/player/87933/jaromir-janacek,https://bwfbadminton.com/player/10065/hana-milisova","87933, 10065"
800,INA / INA,"Andrew SUSANTO, Maria Natalia Kartika MAINAKY",-15,0 - 0,$262.50,"1,130 / 2","https://bwfbadminton.com/player/73773/andrew-susanto,https://bwfbadminton.com/player/82039/maria-natalia-kartika-mainaky","73773, 82039"
801,THA / THA,"Natchanon TULAMOK, Sanicha CHUMNIBANNAKARN",-15,0 - 1,$28.12,"1,110 / 3","https://bwfbadminton.com/player/82273/natchanon-tulamok,https://bwfbadminton.com/player/67641/sanicha-chumnibannakarn","82273, 67641"
801,LAT / LAT,"Guntis LAVRINOVICS, Jekaterina ROMANOVA",-15,1 - 3,$0.00,"1,110 / 3","https://bwfbadminton.com/player/51528/guntis-lavrinovics,https://bwfbadminton.com/player/89697/jekaterina-romanova","51528, 89697"
803,TPE / TPE,"Fang-Jen LEE, CHIEN Szu-Jung",-15,2 - 1,$60.00,"1,100 / 2","https://bwfbadminton.com/player/70231/fang-jen-lee,https://bwfbadminton.com/player/82064/chien-szu-jung","70231, 82064"
804,SCO / SCO,"Ciar PRINGLE, Caitlin PRINGLE",-15,0 - 0,$0.00,"1,090 / 2","https://bwfbadminton.com/player/85213/ciar-pringle,https://bwfbadminton.com/player/86340/caitlin-pringle","85213, 86340"
804,TPE / TPE,"LIN Yu Hsien, HUNG Shih Han",-15,0 - 0,$828.73,"1,090 / 2","https://bwfbadminton.com/player/91665/lin-yu-hsien,https://bwfbadminton.com/player/53628/hung-shih-han","91665, 53628"
806,IRL / IRL,"Paul REYNOLDS, Rachael DARRAGH",-15,0 - 0,$0.00,"1,080 / 3","https://bwfbadminton.com/player/92985/paul-reynolds,https://bwfbadminton.com/player/80889/rachael-darragh","92985, 80889"
807,INA / INA,"Akbar Bintang CAHYONO, Winny Oktavina KANDOW",-15,0 - 0,$247.50,"1,070 / 2","https://bwfbadminton.com/player/87128/akbar-bintang-cahyono,https://bwfbadminton.com/player/77284/winny-oktavina-kandow","87128, 77284"
808,NOR / NOR,"Sturla Flaten JOERGENSEN, Anne KLYVE",-15,0 - 1,$0.00,"1,050 / 3","https://bwfbadminton.com/player/99689/sturla-flaten-joergensen,https://bwfbadminton.com/player/61749/anne-klyve","99689, 61749"
809,THA / THA,"Weeraphat PHAKJARUNG, Natthakorn JAIAREREE",-15,0 - 0,$32.81,"1,020 / 2","https://bwfbadminton.com/player/82770/weeraphat-phakjarung,https://bwfbadminton.com/player/63092/natthakorn-jaiareree","82770, 63092"
809,GGY / ENG,"Stuart HARDY, Chloe LE TISSIER",-15,0 - 0,$0.00,"1,020 / 2","https://bwfbadminton.com/player/94271/stuart-hardy,https://bwfbadminton.com/player/85171/chloe-le-tissier","94271, 85171"
809,SWE / SWE,"Nils IHSE, Stina RUNESSON",-15,0 - 0,$0.00,"1,020 / 2","https://bwfbadminton.com/player/77905/nils-ihse,https://bwfbadminton.com/player/69402/stina-runesson","77905, 69402"
809,INA / INA,"Angga Dian SAPUTRA, Annisya Widya PERMATASARI",-15,0 - 0,$0.00,"1,020 / 2","https://bwfbadminton.com/player/91183/angga-dian-saputra,https://bwfbadminton.com/player/55622/annisya-widya-permatasari","91183, 55622"
809,INA / INA,"Daniel Hardiana OCTAVIANUS, Anissa Syifa OKTAVIANI",-15,0 - 0,$0.00,"1,020 / 2","https://bwfbadminton.com/player/65191/daniel-hardiana-octavianus,https://bwfbadminton.com/player/71074/anissa-syifa-oktaviani","65191, 71074"
809,BUL / BUL,"Alex VLAAR, Petya NEDELCHEVA",-15,2 - 2,$292.63,"1,020 / 2","https://bwfbadminton.com/player/65723/alex-vlaar,https://bwfbadminton.com/player/12765/petya-nedelcheva","65723, 12765"
809,SLO / SLO,"Martin CERKOVNIK, Ana Marija SETINA",-15,6 - 5,$0.00,"1,020 / 2","https://bwfbadminton.com/player/65359/martin-cerkovnik,https://bwfbadminton.com/player/81419/ana-marija-setina","65359, 81419"
816,POL / POL,"Konrad PLOCH, Aleksandra GOSZCZYNSKA",-15,0 - 0,$0.00,950 / 2,"https://bwfbadminton.com/player/80248/konrad-ploch,https://bwfbadminton.com/player/75579/aleksandra-goszczynska","80248, 75579"
816,BLR / BLR,"Dzmitry SAIDAKOU, Julia BITSOUKOVA",-15,0 - 0,$0.00,950 / 2,"https://bwfbadminton.com/player/56849/dzmitry-saidakou,https://bwfbadminton.com/player/72961/julia-bitsoukova","56849, 72961"
816,INA / INA,"Yohanes Rendy SUGIARTO, Keshya Nurvita HANADIA",-15,0 - 0,"$3,394.35",950 / 2,"https://bwfbadminton.com/player/40517/yohanes-rendy-sugiarto,https://bwfbadminton.com/player/17156/keshya-nurvita-hanadia","40517, 17156"
816,INA / INA,"Trikusuma WARDHANA, Dian FITRIANI",-15,0 - 0,$627.50,950 / 2,"https://bwfbadminton.com/player/55757/trikusuma-wardhana,https://bwfbadminton.com/player/24370/dian-fitriani","55757, 24370"
816,LTU / LTU,"Mark SAMES, Vytaute FOMKINAITE",-15,0 - 0,$0.00,950 / 2,"https://bwfbadminton.com/player/89135/mark-sames,https://bwfbadminton.com/player/72367/vytaute-fomkinaite","89135, 72367"
821,AUT / AUT,"Roman ZIRNWALD, Elisabeth BALDAUF",-15,48 - 62,"$5,735.85",926 / 1,"https://bwfbadminton.com/player/13231/roman-zirnwald,https://bwfbadminton.com/player/85440/elisabeth-baldauf","13231, 85440"
822,EGY / EGY,"Ali Ahmed EL KHATEEB, Hadia HOSNY",-15,0 - 0,"$1,915.47",922 / 2,"https://bwfbadminton.com/player/80660/ali-ahmed-el-khateeb,https://bwfbadminton.com/player/52901/hadia-hosny","80660, 52901"
823,NGR / NGR,"Dorcas Ajoke ADESOKAN, Gideon BABALOLA",-15,0 - 0,$713.74,920 / 2,"https://bwfbadminton.com/player/73121/dorcas-ajoke-adesokan,https://bwfbadminton.com/player/94697/gideon-babalola","73121, 94697"
823,UGA / UGA,"Fred KIRABO, Betty APIO",-15,0 - 0,$0.00,920 / 2,"https://bwfbadminton.com/player/48084/fred-kirabo,https://bwfbadminton.com/player/93570/betty-apio","48084, 93570"
825,RUS / RUS,"Alexander BUTOVETSTKIY, Anastasiia PUSTINSKAIA",-15,0 - 0,$0.00,920 / 1,"https://bwfbadminton.com/player/72488/alexander-butovetstkiy,https://bwfbadminton.com/player/81322/anastasiia-pustinskaia","72488, 81322"
825,TPE / TPE,"CHEN Chi Ting, LIN Jhih Yun",-15,0 - 0,$135.93,920 / 1,"https://bwfbadminton.com/player/76994/chen-chi-ting,https://bwfbadminton.com/player/69009/lin-jhih-yun","76994, 69009"
825,JPN / JPN,"Yunosuke KUBOTA, Akane WATANABE",-15,0 - 0,$65.62,920 / 1,"https://bwfbadminton.com/player/81522/yunosuke-kubota,https://bwfbadminton.com/player/55712/akane-watanabe","81522, 55712"
825,DEN / NED,"Steve OLESEN, Imke VAN DER AAR",-15,0 - 0,$103.12,920 / 1,"https://bwfbadminton.com/player/84444/steve-olesen,https://bwfbadminton.com/player/89732/imke-van-der-aar","84444, 89732"
825,TPE / TPE,"Chun Hsien YANG, LEE Chih Chen",-15,0 - 0,$49.88,920 / 1,"https://bwfbadminton.com/player/77087/chun-hsien-yang,https://bwfbadminton.com/player/77386/lee-chih-chen","77087, 77386"
825,SUI / SUI,"Manuel MANCA, Jennifer KOBELT",-15,0 - 0,$0.00,920 / 1,"https://bwfbadminton.com/player/77468/manuel-manca,https://bwfbadminton.com/player/75099/jennifer-kobelt","77468, 75099"
825,SRB / SRB,"Luka MILIC, Milica SIMIC",-15,0 - 0,$0.00,920 / 1,"https://bwfbadminton.com/player/85177/luka-milic,https://bwfbadminton.com/player/60182/milica-simic","85177, 60182"
825,GER / GER,"Matthias KICKLITZ, Ann-Kathrin SPÖRI",-15,0 - 0,$0.00,920 / 1,"https://bwfbadminton.com/player/51998/matthias-kicklitz,https://bwfbadminton.com/player/86539/ann-kathrin-spOeri","51998, 86539"
825,DEN / DEN,"Daniel LUNDGAARD, Christine BUSCH",-15,0 - 0,$0.00,920 / 1,"https://bwfbadminton.com/player/68134/daniel-lundgaard,https://bwfbadminton.com/player/58324/christine-busch","68134, 58324"
825,INA / INA,"Agripinna Prima Rahmanto PUTRA, Dhea Bunga ANJANI",-15,0 - 0,$786.87,920 / 1,"https://bwfbadminton.com/player/72715/agripinna-prima-rahmanto-putra,https://bwfbadminton.com/player/95898/dhea-bunga-anjani","72715, 95898"
825,CYP / CYP,"Elias NICOLAOU, Eleni CHRISTODOULOU",-15,0 - 0,$0.00,920 / 1,"https://bwfbadminton.com/player/97072/elias-nicolaou,https://bwfbadminton.com/player/71421/eleni-christodoulou","97072, 71421"
825,BUL / BUL,"Atanas TODOROV, Eva TONEVA",-15,0 - 0,$0.00,920 / 1,"https://bwfbadminton.com/player/57660/atanas-todorov,https://bwfbadminton.com/player/90864/eva-toneva","57660, 90864"
825,THA / THA,"Sutichon POL-GUL, Rawimon IAMRATANAMAETHEEKUL",-15,0 - 0,$140.62,920 / 1,"https://bwfbadminton.com/player/68526/sutichon-pol-gul,https://bwfbadminton.com/player/80058/rawimon-iamratanamaetheekul","68526, 80058"
825,MAS / MAS,"TAN Kok Xian, Anna Ching Yik CHEONG",-15,0 - 0,$9.38,920 / 1,"https://bwfbadminton.com/player/56596/tan-kok-xian,https://bwfbadminton.com/player/62570/anna-ching-yik-cheong","56596, 62570"
825,THA / THA,"Charongrat NOBSAMRONG, Thanapim KAWEENUNTAVONG",-15,0 - 0,$0.00,920 / 1,"https://bwfbadminton.com/player/58015/charongrat-nobsamrong,https://bwfbadminton.com/player/67709/thanapim-kaweenuntavong","58015, 67709"
825,THA / THA,"Kittithat CHEIKLINTHES, Suphapich SILPRAKOB",-15,0 - 0,$0.00,920 / 1,"https://bwfbadminton.com/player/91829/kittithat-cheiklinthes,https://bwfbadminton.com/player/94650/suphapich-silprakob","91829, 94650"
825,BOT / BOT,"Tumisang OLEKANTSE, Leungo Bronia TSHWENEETSILE",-15,0 - 0,$41.25,920 / 1,"https://bwfbadminton.com/player/74260/tumisang-olekantse,https://bwfbadminton.com/player/12669/leungo-bronia-tshweneetsile","74260, 12669"
825,RSA / RSA,"Bongani VON BODENSTEIN, Johanita SCHOLTZ",-15,0 - 0,$0.00,920 / 1,"https://bwfbadminton.com/player/90977/bongani-von-bodenstein,https://bwfbadminton.com/player/75193/johanita-scholtz","90977, 75193"
825,RSA / RSA,"Jason MANN, Lee-Ann DE WET",-15,0 - 0,$0.00,920 / 1,"https://bwfbadminton.com/player/88151/jason-mann,https://bwfbadminton.com/player/59134/lee-ann-de-wet","88151, 59134"
825,PER / PER,"Santiago DE LA OLIVA ALZAMORA, Ingrid Valeria SALAS HUAMANI",-15,0 - 0,$75.00,920 / 1,"https://bwfbadminton.com/player/56933/santiago-de-la-oliva-alzamora,https://bwfbadminton.com/player/68636/ingrid-valeria-salas-huamani","56933, 68636"
825,PER / PER,"Diego SUBAUSTE TOKUMURA, Stefany Ying Chie CHEN CHEN",-15,0 - 0,$138.44,920 / 1,"https://bwfbadminton.com/player/93754/diego-subauste-tokumura,https://bwfbadminton.com/player/73554/stefany-ying-chie-chen-chen","93754, 73554"
825,ESA / ESA,"Uriel Francisco CANJURA ARTIGA, Fatima Beatriz CENTENO FUENTES",-15,0 - 0,$0.00,920 / 1,"https://bwfbadminton.com/player/74579/uriel-francisco-canjura-artiga,https://bwfbadminton.com/player/61443/fatima-beatriz-centeno-fuentes","74579, 61443"
825,PER / PER,"Mariano NOVOA, Yue YANG CAO",-15,0 - 0,$75.00,920 / 1,"https://bwfbadminton.com/player/57747/mariano-novoa,https://bwfbadminton.com/player/57506/yue-yang-cao","57747, 57506"
825,SWE / DEN,"Filip Michael Duwall MYHREN, Maja RINDSHOEJ",-15,0 - 0,"$1,000.00",920 / 1,"https://bwfbadminton.com/player/57568/filip-michael-duwall-myhren,https://bwfbadminton.com/player/74942/maja-rindshoej","57568, 74942"
825,NED / NED,"Gijs DUIJS, Milou LUGTERS",-15,0 - 0,$0.00,920 / 1,"https://bwfbadminton.com/player/58863/gijs-duijs,https://bwfbadminton.com/player/84530/milou-lugters","58863, 84530"
825,CZE / CZE,"Filip BUDZEL, Katerina TOMALOVA",-15,0 - 0,$93.75,920 / 1,"https://bwfbadminton.com/player/61900/filip-budzel,https://bwfbadminton.com/player/81794/katerina-tomalova","61900, 81794"
825,FIN / FIN,"Eemi SEPPALA, Heini IHALAINEN",-15,0 - 0,$0.00,920 / 1,"https://bwfbadminton.com/player/88203/eemi-seppala,https://bwfbadminton.com/player/74691/heini-ihalainen","88203, 74691"
825,JPN / JPN,"Taiki KATO, Moto HAYASHI",-15,0 - 0,$0.00,920 / 1,"https://bwfbadminton.com/player/98435/taiki-kato,https://bwfbadminton.com/player/75398/moto-hayashi","98435, 75398"
825,TPE / TPE,"LU Jin-Song, SU Hsiang Ling",-15,0 - 0,$0.00,920 / 1,"https://bwfbadminton.com/player/56057/lu-jin-song,https://bwfbadminton.com/player/83662/su-hsiang-ling","56057, 83662"
825,JPN / JPN,"Yunosuke KUBOTA, Natsu SAITO",-15,0 - 0,$0.00,920 / 1,"https://bwfbadminton.com/player/81522/yunosuke-kubota,https://bwfbadminton.com/player/55417/natsu-saito","81522, 55417"
825,TPE / TPE,"Tung Yuan SHANG, LIU Chiao-Yun",-15,0 - 0,$0.00,920 / 1,"https://bwfbadminton.com/player/89004/tung-yuan-shang,https://bwfbadminton.com/player/77949/liu-chiao-yun","89004, 77949"
825,JPN / JPN,"Naoki YAMADA, Rin IWANAGA",-15,0 - 0,$0.00,920 / 1,"https://bwfbadminton.com/player/96843/naoki-yamada,https://bwfbadminton.com/player/88135/rin-iwanaga","96843, 88135"
825,JPN / JPN,"Keita CHIKUGO, Sebun NAGAI",-15,0 - 0,$0.00,920 / 1,"https://bwfbadminton.com/player/88178/keita-chikugo,https://bwfbadminton.com/player/73988/sebun-nagai","88178, 73988"
825,UKR / UKR,"Oleksandar SHMUNDYAK, Anna MIKHALKOVA",-15,0 - 0,$0.00,920 / 1,"https://bwfbadminton.com/player/58309/oleksandar-shmundyak,https://bwfbadminton.com/player/59810/anna-mikhalkova","58309, 59810"
825,USA / USA,"Grimaldy GUNAWAN, Carissa CHUNG",-15,0 - 0,$0.00,920 / 1,"https://bwfbadminton.com/player/57099/grimaldy-gunawan,https://bwfbadminton.com/player/96371/carissa-chung","57099, 96371"
825,VIE / VIE,"Hoang Anh NGUYEN, Thi Be Tram NGUYEN",-15,0 - 0,$9.38,920 / 1,"https://bwfbadminton.com/player/59429/hoang-anh-nguyen,https://bwfbadminton.com/player/46838/thi-be-tram-nguyen","59429, 46838"
825,VIE / VIE,"NGUYEN Phi Hung, Truong Bao Vy TRAN",-15,0 - 0,$9.38,920 / 1,"https://bwfbadminton.com/player/60604/nguyen-phi-hung,https://bwfbadminton.com/player/67604/truong-bao-vy-tran","60604, 67604"
825,PER / PER,"Nicolas MACIAS, Yue YANG CAO",-15,0 - 0,$210.31,920 / 1,"https://bwfbadminton.com/player/91087/nicolas-macias,https://bwfbadminton.com/player/57506/yue-yang-cao","91087, 57506"
825,POR / POR,"Tomas NERO, Sonia GONCALVES",-15,0 - 0,$0.00,920 / 1,"https://bwfbadminton.com/player/95478/tomas-nero,https://bwfbadminton.com/player/72489/sonia-goncalves","95478, 72489"
825,BRA / BRA,"Pedro KAWAKAMI, Estefane VENTURA",-15,0 - 0,$107.81,920 / 1,"https://bwfbadminton.com/player/81042/pedro-kawakami,https://bwfbadminton.com/player/95280/estefane-ventura","81042, 95280"
825,BRA / BRA,"Artur Silva POMOCENO, Manoela KOEPSEL",-15,0 - 0,$537.20,920 / 1,"https://bwfbadminton.com/player/77631/artur-silva-pomoceno,https://bwfbadminton.com/player/57491/manoela-koepsel","77631, 57491"
825,BRA / BRA,"Lucas Constant da SILVA, Thalita CORREA",-15,0 - 0,$178.12,920 / 1,"https://bwfbadminton.com/player/67356/lucas-constant-da-silva,https://bwfbadminton.com/player/93014/thalita-correa","67356, 93014"
825,BRA / BRA,"Luis Roberto SCHOUERI, Andrezza RIBEIRO",-15,0 - 0,$0.00,920 / 1,"https://bwfbadminton.com/player/77464/luis-roberto-schoueri,https://bwfbadminton.com/player/89840/andrezza-ribeiro","77464, 89840"
825,BRA / BRA,"Luiz Eduardo MARTINEZ, Mariana COUTO",-15,0 - 0,$164.05,920 / 1,"https://bwfbadminton.com/player/65228/luiz-eduardo-martinez,https://bwfbadminton.com/player/69055/mariana-couto","65228, 69055"
825,BRA / BRA,"Joao Marcos MOREIRA, Gabriele PEREIRA",-15,0 - 0,$75.00,920 / 1,"https://bwfbadminton.com/player/64123/joao-marcos-moreira,https://bwfbadminton.com/player/95174/gabriele-pereira","64123, 95174"
825,JAM / JAM,"Che Alexander BECKFORD, Tahlia RICHARDSON",-15,0 - 0,$0.00,920 / 1,"https://bwfbadminton.com/player/74814/che-alexander-beckford,https://bwfbadminton.com/player/90267/tahlia-richardson","74814, 90267"
825,JAM / JAM,"Garron PALMER, Christine LEYOW",-15,0 - 0,"$2,125.00",920 / 1,"https://bwfbadminton.com/player/51455/garron-palmer,https://bwfbadminton.com/player/4349/christine-leyow","51455, 4349"
825,DEN / DEN,"Steve OLESEN, Anne Katrine HANSEN",-15,0 - 0,$0.00,920 / 1,"https://bwfbadminton.com/player/84444/steve-olesen,https://bwfbadminton.com/player/59426/anne-katrine-hansen","84444, 59426"
825,CHN / CHN,"DENG Xuedi, LIU Zidie",-15,0 - 0,$11.25,920 / 1,"https://bwfbadminton.com/player/59747/deng-xuedi,https://bwfbadminton.com/player/75624/liu-zidie","59747, 75624"
825,DEN / DEN,"Lasse MØLHEDE, Maria HELSBOL",-15,0 - 0,"$3,055.63",920 / 1,"https://bwfbadminton.com/player/60909/lasse-m%C3%98lhede,https://bwfbadminton.com/player/89477/maria-helsbol","60909, 89477"
825,AUT / GER,"Leon SEIWALD, Barbara BELLENBERG",-15,0 - 0,$488.12,920 / 1,"https://bwfbadminton.com/player/83016/leon-seiwald,https://bwfbadminton.com/player/96716/barbara-bellenberg","83016, 96716"
825,AUT / AUT,"Lukas WEISSENBÄCK, Katharina HOCHMEIR",-15,0 - 0,$0.00,920 / 1,"https://bwfbadminton.com/player/28010/lukas-weissenbAeck,https://bwfbadminton.com/player/85127/katharina-hochmeir","28010, 85127"
825,CHN / CHN,"SHEN Qijie, HAN Yushan",-15,0 - 0,$0.00,920 / 1,"https://bwfbadminton.com/player/92218/shen-qijie,https://bwfbadminton.com/player/95036/han-yushan","92218, 95036"
825,NZL / NZL,"Jack BOYLE, Jacqueline YU",-15,0 - 0,$30.00,920 / 1,"https://bwfbadminton.com/player/95591/jack-boyle,https://bwfbadminton.com/player/55586/jacqueline-yu","95591, 55586"
825,NZL / NZL,"Jason SETO, Tamara OTENE",-15,0 - 0,$30.00,920 / 1,"https://bwfbadminton.com/player/69449/jason-seto,https://bwfbadminton.com/player/94540/tamara-otene","69449, 94540"
825,ISL / ISL,"Robert Ingi HULDARSSON, Arna Karen JOHANNSDOTTIR",-15,0 - 0,$0.00,920 / 1,"https://bwfbadminton.com/player/72455/robert-ingi-huldarsson,https://bwfbadminton.com/player/87859/arna-karen-johannsdottir","72455, 87859"
825,ENG / ENG,"George PRIESTMAN, Molly CHAPMAN",-15,0 - 0,$0.00,920 / 1,"https://bwfbadminton.com/player/95328/george-priestman,https://bwfbadminton.com/player/90055/molly-chapman","95328, 90055"
825,DEN / DEN,"Daniel LUNDGAARD, Amalie MAGELUND",-15,0 - 0,$0.00,920 / 1,"https://bwfbadminton.com/player/68134/daniel-lundgaard,https://bwfbadminton.com/player/95643/amalie-magelund","68134, 95643"
825,CHN / CHN,"LUO Wangshan, TAN Yue",-15,0 - 0,$0.00,920 / 1,"https://bwfbadminton.com/player/83598/luo-wangshan,https://bwfbadminton.com/player/96389/tan-yue","83598, 96389"
825,CHN / CHN,"ZHU Haiyuan, LIU Xuan Xuan",-15,0 - 0,$0.00,920 / 1,"https://bwfbadminton.com/player/61755/zhu-haiyuan,https://bwfbadminton.com/player/60567/liu-xuan-xuan","61755, 60567"
825,CHN / CHN,"YE Yuan Peng, XIA Yu Ting",-15,0 - 0,$93.75,920 / 1,"https://bwfbadminton.com/player/74091/ye-yuan-peng,https://bwfbadminton.com/player/68753/xia-yu-ting","74091, 68753"
825,CHN / CHN,"CHEN Keng, YANG Xiao Yu",-15,0 - 0,$0.00,920 / 1,"https://bwfbadminton.com/player/82988/chen-keng,https://bwfbadminton.com/player/62201/yang-xiao-yu","82988, 62201"
825,CHN / CHN,"XIE Haonan, QIAO Shi Jun",-15,0 - 0,$0.00,920 / 1,"https://bwfbadminton.com/player/89909/xie-haonan,https://bwfbadminton.com/player/71050/qiao-shi-jun","89909, 71050"
825,CHN / CHN,"ZHU Jun Hao, WANG Zhi Yi",-15,0 - 0,$462.50,920 / 1,"https://bwfbadminton.com/player/78554/zhu-jun-hao,https://bwfbadminton.com/player/61854/wang-zhi-yi","78554, 61854"
825,CHN / CHN,"LIU Shiwen, HUA Xiao Bei",-15,0 - 0,$93.75,920 / 1,"https://bwfbadminton.com/player/76391/liu-shiwen,https://bwfbadminton.com/player/53065/hua-xiao-bei","76391, 53065"
825,CHN / CHN,"SHANG Yi Chen, ZHOU Shun Qi",-15,0 - 0,$0.00,920 / 1,"https://bwfbadminton.com/player/87224/shang-yi-chen,https://bwfbadminton.com/player/59307/zhou-shun-qi","87224, 59307"
825,CHN / CHN,"ZHANG Bin Rong, LAN Feifei",-15,0 - 0,$0.00,920 / 1,"https://bwfbadminton.com/player/99940/zhang-bin-rong,https://bwfbadminton.com/player/64463/lan-feifei","99940, 64463"
825,CHN / CHN,"WANG Haoyin, QIAN Gou Hong",-15,0 - 0,$0.00,920 / 1,"https://bwfbadminton.com/player/66192/wang-haoyin,https://bwfbadminton.com/player/84804/qian-gou-hong","66192, 84804"
825,CHN / CHN,"CHEN Bo Yang, LIU Yating",-15,0 - 0,$0.00,920 / 1,"https://bwfbadminton.com/player/93130/chen-bo-yang,https://bwfbadminton.com/player/96774/liu-yating","93130, 96774"
825,CHN / CHN,"TANG Yin Zhi, YAN Chen Xue",-15,0 - 0,$93.75,920 / 1,"https://bwfbadminton.com/player/65010/tang-yin-zhi,https://bwfbadminton.com/player/73349/yan-chen-xue","65010, 73349"
825,CHN / CHN,"GUO Ruohan, ZHAN Danni",-15,0 - 0,$0.00,920 / 1,"https://bwfbadminton.com/player/79857/guo-ruohan,https://bwfbadminton.com/player/76116/zhan-danni","79857, 76116"
825,CHN / CHN,"HU Chaowei, YE Sixu",-15,0 - 0,$0.00,920 / 1,"https://bwfbadminton.com/player/82953/hu-chaowei,https://bwfbadminton.com/player/93632/ye-sixu","82953, 93632"
825,CHN / CHN,"MEI Yuehan, GUO Xuyi",-15,0 - 0,$0.00,920 / 1,"https://bwfbadminton.com/player/80847/mei-yuehan,https://bwfbadminton.com/player/79424/guo-xuyi","80847, 79424"
825,ENG / ENG,"Oliver BACZALA, Annie LADO",-15,0 - 0,$0.00,920 / 1,"https://bwfbadminton.com/player/87166/oliver-baczala,https://bwfbadminton.com/player/79159/annie-lado","87166, 79159"
825,TUR / TUR,"Baran YUKSEL, Filiz HALBURCU",-15,0 - 0,$0.00,920 / 1,"https://bwfbadminton.com/player/62214/baran-yuksel,https://bwfbadminton.com/player/91714/filiz-halburcu","62214, 91714"
825,PAK / PAK,"Muhammad Irfan Saeed BHATTI, Saima WAQAS",-15,0 - 0,$291.37,920 / 1,"https://bwfbadminton.com/player/95500/muhammad-irfan-saeed-bhatti,https://bwfbadminton.com/player/53295/saima-waqas","95500, 53295"
825,NEP / NEP,"Dipesh DHAMI, Pooja SHRESTHA",-15,0 - 0,$55.31,920 / 1,"https://bwfbadminton.com/player/74494/dipesh-dhami,https://bwfbadminton.com/player/89600/pooja-shrestha","74494, 89600"
825,NEP / NEP,"THAPA MAGAR Bijeet, Sichhya SHRESTHA",-15,0 - 0,$43.50,920 / 1,"https://bwfbadminton.com/player/84306/thapa-magar-bijeet,https://bwfbadminton.com/player/78218/sichhya-shrestha","84306, 78218"
825,USA / USA,"Calvin LIN, Amanda HO",-15,0 - 0,$65.62,920 / 1,"https://bwfbadminton.com/player/55435/calvin-lin,https://bwfbadminton.com/player/77419/amanda-ho","55435, 77419"
825,MEX / MEX,"Jorge ALVAREZ, Adelina QUIÑONES",-15,0 - 0,$0.00,920 / 1,"https://bwfbadminton.com/player/83402/jorge-alvarez,https://bwfbadminton.com/player/71039/adelina-qui%C3%91ones","83402, 71039"
825,USA / USA,"Dean SCHOPPE, Jennifer LU TANG",-15,0 - 0,$209.36,920 / 1,"https://bwfbadminton.com/player/1085/dean-schoppe,https://bwfbadminton.com/player/93071/jennifer-lu-tang","1085, 93071"
825,USA / HUN,"Ajit UMRANI, Monika SZOKE",-15,0 - 0,$0.00,920 / 1,"https://bwfbadminton.com/player/86273/ajit-umrani,https://bwfbadminton.com/player/66695/monika-szoke","86273, 66695"
825,USA / USA,"Grimaldy GUNAWAN, Graceline GUNAWAN",-15,0 - 0,$0.00,920 / 1,"https://bwfbadminton.com/player/57099/grimaldy-gunawan,https://bwfbadminton.com/player/99046/graceline-gunawan","57099, 99046"
825,USA / IND,"Abhishek AHLAWAT, Abantika DEKA",-15,0 - 0,$824.37,920 / 1,"https://bwfbadminton.com/player/98450/abhishek-ahlawat,https://bwfbadminton.com/player/54971/abantika-deka","98450, 54971"
825,USA / USA,"Raju RAI, Eva LEE",-15,0 - 0,"$12,731.24",920 / 1,"https://bwfbadminton.com/player/51143/raju-rai,https://bwfbadminton.com/player/14814/eva-lee","51143, 14814"
825,ENG / ENG,"Jonathan MCDONALD, Nicola GRESTY",-15,0 - 0,$0.00,920 / 1,"https://bwfbadminton.com/player/88449/jonathan-mcdonald,https://bwfbadminton.com/player/72186/nicola-gresty","88449, 72186"
825,BAN / BAN,"Ebadul Haque CHOWDHURY, Aktar SHAPLA",-15,0 - 0,$316.97,920 / 1,"https://bwfbadminton.com/player/86629/ebadul-haque-chowdhury,https://bwfbadminton.com/player/89240/aktar-shapla","86629, 89240"
825,BAN / BAN,"Uddin SAIF, Dulali HALDAR",-15,0 - 0,$138.11,920 / 1,"https://bwfbadminton.com/player/80949/uddin-saif,https://bwfbadminton.com/player/79316/dulali-haldar","80949, 79316"
825,BAN / BAN,"Md. Zakaria ISLAM, Urmi AKTER",-15,0 - 0,$65.62,920 / 1,"https://bwfbadminton.com/player/65899/md-zakaria-islam,https://bwfbadminton.com/player/58379/urmi-akter","65899, 58379"
825,NEP / NEP,"Dipesh DHAMI, Sunaina MUKHIYA",-15,0 - 0,$76.87,920 / 1,"https://bwfbadminton.com/player/74494/dipesh-dhami,https://bwfbadminton.com/player/62279/sunaina-mukhiya","74494, 62279"
825,BAN / BAN,"Md. Rahad Kabir KHALED, Alina SULTANA",-15,0 - 0,$116.36,920 / 1,"https://bwfbadminton.com/player/71309/md-rahad-kabir-khaled,https://bwfbadminton.com/player/94843/alina-sultana","71309, 94843"
825,BAN / BAN,"Minhaz MOHAMMAD, Bristy KHATUN",-15,0 - 0,$93.74,920 / 1,"https://bwfbadminton.com/player/93037/minhaz-mohammad,https://bwfbadminton.com/player/59417/bristy-khatun","93037, 59417"
825,NEP / NEP,"Nabin SHRESTHA, Jessica GURUNG",-15,0 - 0,$65.62,920 / 1,"https://bwfbadminton.com/player/61659/nabin-shrestha,https://bwfbadminton.com/player/71319/jessica-gurung","61659, 71319"
825,BAN / BAN,"Al Amin ZUMAR, MST  Rehana PARVIN",-15,0 - 0,$121.86,920 / 1,"https://bwfbadminton.com/player/96310/al-amin-zumar,https://bwfbadminton.com/player/55624/mst-rehana-parvin","96310, 55624"
825,ESP / ESP,"Marc GALLARDO, Laia OSET",-15,0 - 0,$54.37,920 / 1,"https://bwfbadminton.com/player/86639/marc-gallardo,https://bwfbadminton.com/player/78472/laia-oset","86639, 78472"
825,DEN / FIN,"Mathias Moldt BASKJAER, Sonja PEKKOLA",-15,0 - 0,$0.00,920 / 1,"https://bwfbadminton.com/player/62637/mathias-moldt-baskjaer,https://bwfbadminton.com/player/99619/sonja-pekkola","62637, 99619"
825,DEN / DEN,"Nicklas MATHIASEN, Marie Louise STEFFENSEN",-15,0 - 0,$500.00,920 / 1,"https://bwfbadminton.com/player/89633/nicklas-mathiasen,https://bwfbadminton.com/player/62973/marie-louise-steffensen","89633, 62973"
825,BOT / BOT,"Tlamelang KEPALETSWE, Kgalalelo KEGAKILWE",-15,0 - 0,$0.00,920 / 1,"https://bwfbadminton.com/player/62696/tlamelang-kepaletswe,https://bwfbadminton.com/player/23340/kgalalelo-kegakilwe","62696, 23340"
825,BOT / BOT,"PEREKISI Tshepo, Gaone MPATI",-15,0 - 0,$0.00,920 / 1,"https://bwfbadminton.com/player/65164/perekisi-tshepo,https://bwfbadminton.com/player/59180/gaone-mpati","65164, 59180"
825,BOT / BOT,"Phomolo LEOKE, Mpho M0PATI",-15,0 - 0,$0.00,920 / 1,"https://bwfbadminton.com/player/78511/phomolo-leoke,https://bwfbadminton.com/player/71864/mpho-m0pati","78511, 71864"
825,ENG / MAS,"Rohan MIDHA, Li Lian YANG",-15,0 - 0,$279.37,920 / 1,"https://bwfbadminton.com/player/90111/rohan-midha,https://bwfbadminton.com/player/63369/li-lian-yang","90111, 63369"
825,ENG / ENG,"Steven STALLWOOD, Molly CHAPMAN",-15,0 - 0,$0.00,920 / 1,"https://bwfbadminton.com/player/62414/steven-stallwood,https://bwfbadminton.com/player/90055/molly-chapman","62414, 90055"
825,ENG / ENG,"Martin DRABBLE, Sian KELLY",-15,0 - 0,$0.00,920 / 1,"https://bwfbadminton.com/player/80642/martin-drabble,https://bwfbadminton.com/player/81761/sian-kelly","80642, 81761"
825,ENG / ENG,"Rory EASTON, Annie LADO",-15,0 - 0,$0.00,920 / 1,"https://bwfbadminton.com/player/85805/rory-easton,https://bwfbadminton.com/player/79159/annie-lado","85805, 79159"
825,RSA / RSA,"Nkanyiso SIBANYONI, Anicka BESTBIER",-15,0 - 0,$0.00,920 / 1,"https://bwfbadminton.com/player/63107/nkanyiso-sibanyoni,https://bwfbadminton.com/player/73530/anicka-bestbier","63107, 73530"
825,SGP / SGP,"Nan XIANG, ONG Xi Qing",-15,0 - 0,$0.00,920 / 1,"https://bwfbadminton.com/player/92038/nan-xiang,https://bwfbadminton.com/player/83449/ong-xi-qing","92038, 83449"
825,SWE / MAS,"Karel ERIKSSON, Shen Yee TOO",-15,0 - 0,$0.00,920 / 1,"https://bwfbadminton.com/player/79875/karel-eriksson,https://bwfbadminton.com/player/85579/shen-yee-too","79875, 85579"
825,SUR / SUR,"Alain TONEY, Djodikromo REBECCA",-15,0 - 0,$0.00,920 / 1,"https://bwfbadminton.com/player/92205/alain-toney,https://bwfbadminton.com/player/71607/djodikromo-rebecca","92205, 71607"
825,TTO / TTO,"Renaldo SINANAN, Avril PLAZA MARCELLE",-15,0 - 0,$0.00,920 / 1,"https://bwfbadminton.com/player/83827/renaldo-sinanan,https://bwfbadminton.com/player/66358/avril-plaza-marcelle","83827, 66358"
825,SUR / SUR,"Jascha ATMODIKROMO, Imani MANGROE",-15,0 - 0,$0.00,920 / 1,"https://bwfbadminton.com/player/54610/jascha-atmodikromo,https://bwfbadminton.com/player/89636/imani-mangroe","54610, 89636"
825,SUR / BAR,"Danny CHEN, Sabrina SCOTT",-15,0 - 0,$0.00,920 / 1,"https://bwfbadminton.com/player/78085/danny-chen,https://bwfbadminton.com/player/54547/sabrina-scott","78085, 54547"
825,SUR / SUR,"Alroy TONEY, Rugshaar ISHAAK",-15,0 - 0,$0.00,920 / 1,"https://bwfbadminton.com/player/95309/alroy-toney,https://bwfbadminton.com/player/98108/rugshaar-ishaak","95309, 98108"
825,TPE / TPE,"Wei Chen LIU, LIANG Chia-Wei",-15,0 - 0,$290.62,920 / 1,"https://bwfbadminton.com/player/71913/wei-chen-liu,https://bwfbadminton.com/player/75217/liang-chia-wei","71913, 75217"
825,MAS / MAS,"Seddrick Alwyn GUNSALAM, Lydia HABIRIN",-15,0 - 0,$56.24,920 / 1,"https://bwfbadminton.com/player/69035/seddrick-alwyn-gunsalam,https://bwfbadminton.com/player/87051/lydia-habirin","69035, 87051"
825,TPE / TPE,"YANG Po Han, CHENG Yu-Pei",-15,0 - 0,"$1,850.61",920 / 1,"https://bwfbadminton.com/player/59709/yang-po-han,https://bwfbadminton.com/player/67789/cheng-yu-pei","59709, 67789"
825,MAS / MAS,"Mohamad Hamizan MOZES, Macnella MICHAEL",-15,0 - 0,$0.00,920 / 1,"https://bwfbadminton.com/player/56842/mohamad-hamizan-mozes,https://bwfbadminton.com/player/96555/macnella-michael","56842, 96555"
825,INA / NZL,"Ferdinand Sinarta SURBAKTI, Fransisca Angelica RAHARDJA",-15,0 - 0,$111.87,920 / 1,"https://bwfbadminton.com/player/57923/ferdinand-sinarta-surbakti,https://bwfbadminton.com/player/56214/fransisca-angelica-rahardja","57923, 56214"
825,INA / INA,"Viorel Joan FERNANDO, Febby Valencia Dwijayanti GANI",-15,0 - 0,$0.00,920 / 1,"https://bwfbadminton.com/player/69212/viorel-joan-fernando,https://bwfbadminton.com/player/77316/febby-valencia-dwijayanti-gani","69212, 77316"
825,INA / INA,"Rehan Naufal KUSHARJANTO, Ribka SUGIARTO",-15,0 - 0,$36.25,920 / 1,"https://bwfbadminton.com/player/87045/rehan-naufal-kusharjanto,https://bwfbadminton.com/player/96455/ribka-sugiarto","87045, 96455"
825,HUN / HUN,"Jozsef MESTER, Orsolya VARGA",-15,0 - 0,$0.00,920 / 1,"https://bwfbadminton.com/player/92668/jozsef-mester,https://bwfbadminton.com/player/51849/orsolya-varga","92668, 51849"
825,DEN / DEN,"Mathias BAY-SMIDT, Gabriella BØJE",-15,0 - 0,"$1,167.25",920 / 1,"https://bwfbadminton.com/player/83680/mathias-bay-smidt,https://bwfbadminton.com/player/92115/gabriella-b%C3%98je","83680, 92115"
825,DOM / DOM,"Bryan Anderson CASTRO, Francesca MATIAS",-15,0 - 0,$0.00,920 / 1,"https://bwfbadminton.com/player/94127/bryan-anderson-castro,https://bwfbadminton.com/player/86424/francesca-matias","94127, 86424"
825,DOM /  / DOM,"Wilmer Daniel BREA NUÑEZ, Carmen GARCIA",-15,0 - 0,$0.00,920 / 1,"https://bwfbadminton.com/player/61448/wilmer-daniel-brea-nu%C3%91ez,https://bwfbadminton.com/player/90873/carmen-garcia","61448, 90873"
825,EGY / EGY,"John RIAD, Nanees SALEH",-15,0 - 0,$0.00,920 / 1,"https://bwfbadminton.com/player/97466/john-riad,https://bwfbadminton.com/player/89514/nanees-saleh","97466, 89514"
825,EGY / EGY,"Mohamed MOSTAFA KAMEL, Rahma MOHAMED SAAD ELADAWY",-15,0 - 0,$0.00,920 / 1,"https://bwfbadminton.com/player/78102/mohamed-mostafa-kamel,https://bwfbadminton.com/player/78895/rahma-mohamed-saad-eladawy","78102, 78895"
825,SUI / UKR,"Gilles TRIPET, Anna MIKHALKOVA",-15,0 - 0,$0.00,920 / 1,"https://bwfbadminton.com/player/79194/gilles-tripet,https://bwfbadminton.com/player/59810/anna-mikhalkova","79194, 59810"
825,SUI / SUI,"Thomas BLESS, Nicole PERROUD",-15,0 - 0,$0.00,920 / 1,"https://bwfbadminton.com/player/75702/thomas-bless,https://bwfbadminton.com/player/86405/nicole-perroud","75702, 86405"
825,PAK / PAK,"Azeem SARWAR, Saima WAQAS",-15,0 - 0,$159.75,920 / 1,"https://bwfbadminton.com/player/86302/azeem-sarwar,https://bwfbadminton.com/player/53295/saima-waqas","86302, 53295"
825,PAK / PAK,"Amir SAEED, Mahoor SHAHZAD",-15,0 - 0,$43.50,920 / 1,"https://bwfbadminton.com/player/93263/amir-saeed,https://bwfbadminton.com/player/51218/mahoor-shahzad","93263, 51218"
825,ETH / ETH,"MARKOS Demis, Cheru HIBST",-15,0 - 0,$0.00,920 / 1,"https://bwfbadminton.com/player/88543/markos-demis,https://bwfbadminton.com/player/70949/cheru-hibst","88543, 70949"
825,ETH / ETH,"Seaidnur ANNUAR, Fasika BISRAT",-15,0 - 0,$0.00,920 / 1,"https://bwfbadminton.com/player/78696/seaidnur-annuar,https://bwfbadminton.com/player/63586/fasika-bisrat","78696, 63586"
825,ETH / ETH,"Fanthhun ESTEFANOS, Kidist HAILU",-15,0 - 0,$0.00,920 / 1,"https://bwfbadminton.com/player/71917/fanthhun-estefanos,https://bwfbadminton.com/player/72506/kidist-hailu","71917, 72506"
825,ETH / ETH,"Woldegebreal MEZGEBE, Melat WOLDEGEBREAL",-15,0 - 0,$0.00,920 / 1,"https://bwfbadminton.com/player/92783/woldegebreal-mezgebe,https://bwfbadminton.com/player/78651/melat-woldegebreal","92783, 78651"
825,ETH / ETH,"TEKLU Endale, BERHANU Samrawit",-15,0 - 0,$0.00,920 / 1,"https://bwfbadminton.com/player/58987/teklu-endale,https://bwfbadminton.com/player/81002/berhanu-samrawit","58987, 81002"
825,VIE / VIE,"Hong Nam PHAM, Thi Mai Anh NGUYEN",-15,0 - 0,$153.75,920 / 1,"https://bwfbadminton.com/player/67497/hong-nam-pham,https://bwfbadminton.com/player/93717/thi-mai-anh-nguyen","67497, 93717"
825,COL / COL,"Jhon BERDUGO, Cristina RAMIREZ",-15,0 - 0,$0.00,920 / 1,"https://bwfbadminton.com/player/87318/jhon-berdugo,https://bwfbadminton.com/player/97611/cristina-ramirez","87318, 97611"
825,COL / COL,"Joss Gabriel MOSQUERA, Maryi ORDONEZ CABRERA",-15,0 - 0,$0.00,920 / 1,"https://bwfbadminton.com/player/58037/joss-gabriel-mosquera,https://bwfbadminton.com/player/90807/maryi-ordonez-cabrera","58037, 90807"
825,COL / COL,"Edwin ORTIZ GUERRERO, Angela ORDOÑEZ",-15,0 - 0,$0.00,920 / 1,"https://bwfbadminton.com/player/83649/edwin-ortiz-guerrero,https://bwfbadminton.com/player/94696/angela-ordo%C3%91ez","83649, 94696"
825,COL / COL,"Harrison CARDENAS, Liceth Camila SANCHEZ  LOZANO",-15,0 - 0,$0.00,920 / 1,"https://bwfbadminton.com/player/55295/harrison-cardenas,https://bwfbadminton.com/player/60200/liceth-camila-sanchez-lozano","55295, 60200"
825,COL / COL,"Kevin NUPAN, Magly VILLAMIZAR ORDONEZ",-15,0 - 0,$0.00,920 / 1,"https://bwfbadminton.com/player/73711/kevin-nupan,https://bwfbadminton.com/player/96860/magly-villamizar-ordonez","73711, 96860"
825,CHN / CHN,"DENG Xuedi, WEI Yawen",-15,0 - 0,$22.50,920 / 1,"https://bwfbadminton.com/player/59747/deng-xuedi,https://bwfbadminton.com/player/59394/wei-yawen","59747, 59394"
825,KOR / KOR,"KIM Dae Ho, KIM Bo Kyung",-15,0 - 0,$22.50,920 / 1,"https://bwfbadminton.com/player/68301/kim-dae-ho,https://bwfbadminton.com/player/71351/kim-bo-kyung","68301, 71351"
825,CHN / CHN,"LIN Xingyu, HE Pan",-15,0 - 0,$22.50,920 / 1,"https://bwfbadminton.com/player/96239/lin-xingyu,https://bwfbadminton.com/player/62937/he-pan","96239, 62937"
825,GER / GER,"Daniel HESS, Yvonne LI",-15,0 - 0,$0.00,920 / 1,"https://bwfbadminton.com/player/63389/daniel-hess,https://bwfbadminton.com/player/91106/yvonne-li","63389, 91106"
825,NED / NED,"Russell MUNS, Debora JILLE",-15,0 - 0,$0.00,920 / 1,"https://bwfbadminton.com/player/57142/russell-muns,https://bwfbadminton.com/player/67373/debora-jille","57142, 67373"
825,BEL / BEL,"Stijn LENAERTS, Tina VAN BUYTEN",-15,0 - 0,$0.00,920 / 1,"https://bwfbadminton.com/player/98481/stijn-lenaerts,https://bwfbadminton.com/player/61573/tina-van-buyten","98481, 61573"
825,GER / GER,"Bjarne GEISS, Cisita Joity JANSEN",-15,0 - 0,"$1,053.23",920 / 1,"https://bwfbadminton.com/player/59472/bjarne-geiss,https://bwfbadminton.com/player/66977/cisita-joity-jansen","59472, 66977"
825,ENG / ENG,"Max FLYNN, Evie BURBIDGE",-15,0 - 0,$0.00,920 / 1,"https://bwfbadminton.com/player/62199/max-flynn,https://bwfbadminton.com/player/56534/evie-burbidge","62199, 56534"
825,MEX / MEX,"Hector FRANCO, Cinthia Itzel CORTEZ SANDOVAL",-15,0 - 0,$0.00,920 / 1,"https://bwfbadminton.com/player/96435/hector-franco,https://bwfbadminton.com/player/69257/cinthia-itzel-cortez-sandoval","96435, 69257"
825,MEX / MEX,"Arturo Joel ANGELES GARCIA, Romina FREGOSO",-15,0 - 0,$0.00,920 / 1,"https://bwfbadminton.com/player/83956/arturo-joel-angeles-garcia,https://bwfbadminton.com/player/99678/romina-fregoso","83956, 99678"
825,SGP / SGP,"Jun Liang Andy KWEK, WONG Jia Ying Crystal",-15,0 - 0,$386.75,920 / 1,"https://bwfbadminton.com/player/81293/jun-liang-andy-kwek,https://bwfbadminton.com/player/59275/wong-jia-ying-crystal","81293, 59275"
825,THA / THA,"Chacharit YAOWANIT, Suchanya KANCHANASAKA",-15,0 - 0,$0.00,920 / 1,"https://bwfbadminton.com/player/87858/chacharit-yaowanit,https://bwfbadminton.com/player/79551/suchanya-kanchanasaka","87858, 79551"
825,SGP / SGP,"Han Zhuo TOH, Yue Yann Jaslyn HOOI",-15,0 - 0,$0.00,920 / 1,"https://bwfbadminton.com/player/67749/han-zhuo-toh,https://bwfbadminton.com/player/94594/yue-yann-jaslyn-hooi","67749, 94594"
825,TTO / TTO,"Naim MOHAMMED, Avril PLAZA MARCELLE",-15,0 - 0,$0.00,920 / 1,"https://bwfbadminton.com/player/50606/naim-mohammed,https://bwfbadminton.com/player/66358/avril-plaza-marcelle","50606, 66358"
825,RUS / RUS,"Egor KHOLKIN, Anastasiia PUSTINSKAIA",-15,0 - 1,$0.00,920 / 1,"https://bwfbadminton.com/player/88269/egor-kholkin,https://bwfbadminton.com/player/81322/anastasiia-pustinskaia","88269, 81322"
825,RUS / BLR,"Dmitrii KLIMENKO, Ulyana ZAKHARAVA",-15,0 - 1,$0.00,920 / 1,"https://bwfbadminton.com/player/59555/dmitrii-klimenko,https://bwfbadminton.com/player/56074/ulyana-zakharava","59555, 56074"
825,RUS / ISR,"Nikita AGALAKOV, Dana DANILENKO",-15,0 - 1,$0.00,920 / 1,"https://bwfbadminton.com/player/58341/nikita-agalakov,https://bwfbadminton.com/player/74785/dana-danilenko","58341, 74785"
825,RUS / RUS,"Egor OKOLOV, Sofya POTAPOVICH",-15,0 - 1,$0.00,920 / 1,"https://bwfbadminton.com/player/91105/egor-okolov,https://bwfbadminton.com/player/84169/sofya-potapovich","91105, 84169"
825,RUS / RUS,"Vladimir SHIPILENKO, Daria RADCHENKO",-15,0 - 1,$393.74,920 / 1,"https://bwfbadminton.com/player/72240/vladimir-shipilenko,https://bwfbadminton.com/player/86653/daria-radchenko","72240, 86653"
825,RUS / RUS,"Artem SERPIONOV, Anastasia NAZARCHUK",-15,0 - 1,$138.12,920 / 1,"https://bwfbadminton.com/player/96613/artem-serpionov,https://bwfbadminton.com/player/65304/anastasia-nazarchuk","96613, 65304"
825,RUS / RUS,"Amir KHAMIDULIN, Mariya MALYGINA",-15,0 - 1,$0.00,920 / 1,"https://bwfbadminton.com/player/75336/amir-khamidulin,https://bwfbadminton.com/player/78972/mariya-malygina","75336, 78972"
825,RUS / RUS,"Daniel PACHEKO, Anastasia RONZHINA",-15,0 - 1,$93.75,920 / 1,"https://bwfbadminton.com/player/57529/daniel-pacheko,https://bwfbadminton.com/player/86997/anastasia-ronzhina","57529, 86997"
825,JAM / JAM,"Mikaylia HALDANE, Anthony MCNEE",-15,1 - 3,$0.00,920 / 1,"https://bwfbadminton.com/player/75891/mikaylia-haldane,https://bwfbadminton.com/player/89942/anthony-mcnee","75891, 89942"
825,AUS / AUS,"Anthony JOE, Tiffany HO",-15,0 - 1,$112.49,920 / 1,"https://bwfbadminton.com/player/58754/anthony-joe,https://bwfbadminton.com/player/64389/tiffany-ho","58754, 64389"
825,JAM / JAM,"Kemar VALENTINE, Taina DAILEY",-15,0 - 1,$0.00,920 / 1,"https://bwfbadminton.com/player/86526/kemar-valentine,https://bwfbadminton.com/player/80100/taina-dailey","86526, 80100"
825,JAM / JAM,"Kenneth ANGLIN, Esther Christina REYNOLDS",-15,0 - 1,$0.00,920 / 1,"https://bwfbadminton.com/player/96186/kenneth-anglin,https://bwfbadminton.com/player/68825/esther-christina-reynolds","96186, 68825"
825,TPE / TPE,"Fang-Chih LEE, YEH Chiu Yu",-15,0 - 1,$64.50,920 / 1,"https://bwfbadminton.com/player/57424/fang-chih-lee,https://bwfbadminton.com/player/90502/yeh-chiu-yu","57424, 90502"
825,TPE / TPE,"PO Li-Wei, HSIEH Pei Shan",-15,4 - 2,$659.99,920 / 1,"https://bwfbadminton.com/player/79052/po-li-wei,https://bwfbadminton.com/player/95062/hsieh-pei-shan","79052, 95062"
825,MEX / MEX,"Vicente CISNEROS, Nicole MARQUEZ",-15,0 - 1,$0.00,920 / 1,"https://bwfbadminton.com/player/77177/vicente-cisneros,https://bwfbadminton.com/player/62032/nicole-marquez","77177, 62032"
825,ISL / ISL,"David Bjarni BJORNSSON, Drifa HARDARDOTTIR",-15,0 - 1,$5.62,920 / 1,"https://bwfbadminton.com/player/85707/david-bjarni-bjornsson,https://bwfbadminton.com/player/10037/drifa-hardardottir","85707, 10037"
825,NEP /  / NEP,"Bishnu KATWAL, Amita GIRI",-15,0 - 1,$43.50,920 / 1,"https://bwfbadminton.com/player/85447/bishnu-katwal,https://bwfbadminton.com/player/74747/amita-giri","85447, 74747"
825,SUR / SUR,"Juan DEL PRADO, Mary - Ann ZHONG",-15,0 - 1,$0.00,920 / 1,"https://bwfbadminton.com/player/80076/juan-del-prado,https://bwfbadminton.com/player/63056/mary-ann-zhong","80076, 63056"
825,INA / INA,"Muhammad Taufiqul HAFIZH, Vanadia PRANASA",-15,0 - 1,$0.00,920 / 1,"https://bwfbadminton.com/player/70263/muhammad-taufiqul-hafizh,https://bwfbadminton.com/player/77543/vanadia-pranasa","70263, 77543"
825,MAS / MAS,"Yip Jiun TAN, Li Lian YANG",-15,6 - 5,$697.48,920 / 1,"https://bwfbadminton.com/player/77106/yip-jiun-tan,https://bwfbadminton.com/player/63369/li-lian-yang","77106, 63369"
825,RUS / RUS,"Victor KOKHANOV, Anastasiia SHARAPOVA",-15,1 - 2,$0.00,920 / 1,"https://bwfbadminton.com/player/85727/victor-kokhanov,https://bwfbadminton.com/player/74493/anastasiia-sharapova","85727, 74493"
825,RUS / RUS,"Ilya VENEDIKTOV, Yulia VASILYEVA",-15,0 - 2,$0.00,920 / 1,"https://bwfbadminton.com/player/66678/ilya-venediktov,https://bwfbadminton.com/player/75150/yulia-vasilyeva","66678, 75150"
825,RUS / RUS,"Ilya VENEDIKTOV, Yulia VASILYEVA",-15,0 - 2,$0.00,920 / 1,"https://bwfbadminton.com/player/66678/ilya-venediktov,https://bwfbadminton.com/player/75150/yulia-vasilyeva","66678, 75150"
825,RUS / RUS,"Nikita FEDOTOVSKIKH, Lela MINADZE",-15,2 - 2,$0.00,920 / 1,"https://bwfbadminton.com/player/63117/nikita-fedotovskikh,https://bwfbadminton.com/player/66861/lela-minadze","63117, 66861"
825,JPN / JPN,"Takahiro FUJIMAKI, Misaki MAKINO",-15,0 - 0,$0.00,920 / 1,"https://bwfbadminton.com/player/18405/takahiro-fujimaki,https://bwfbadminton.com/player/81261/misaki-makino","18405, 81261"
825,USA / USA,"Ryan CHEW, Sydney LEE",-15,0 - 2,$318.74,920 / 1,"https://bwfbadminton.com/player/93167/ryan-chew,https://bwfbadminton.com/player/84770/sydney-lee","93167, 84770"
825,RSA / RSA,"Jason COETZER, Karen COETZER",-15,0 - 0,$0.00,920 / 1,"https://bwfbadminton.com/player/85325/jason-coetzer,https://bwfbadminton.com/player/62326/karen-coetzer","85325, 62326"
825,MEX / MEX,"Bruno MENDEZ, Yaqueline DUARTE",-15,0 - 0,$0.00,920 / 1,"https://bwfbadminton.com/player/95323/bruno-mendez,https://bwfbadminton.com/player/82210/yaqueline-duarte","95323, 82210"
825,COL / COL,"Hugo ANDRADE, Natalia ROMERO",-15,0 - 0,$0.00,920 / 1,"https://bwfbadminton.com/player/95006/hugo-andrade,https://bwfbadminton.com/player/78992/natalia-romero","95006, 78992"
825,CZE /  / CZE,"Jaromir JANACEK, Sabina MILOVA",-15,0 - 0,$93.75,920 / 1,"https://bwfbadminton.com/player/87933/jaromir-janacek,https://bwfbadminton.com/player/68580/sabina-milova","87933, 68580"
825,SUI / SUI,"Gilles TRIPET, Tiffany GIRONA",-15,3 - 2,$0.00,920 / 1,"https://bwfbadminton.com/player/79194/gilles-tripet,https://bwfbadminton.com/player/68451/tiffany-girona","79194, 68451"
825,POL / POL,"Milosz BOCHAT, Magdalena WITEK",-15,9 - 7,$0.00,920 / 1,"https://bwfbadminton.com/player/72701/milosz-bochat,https://bwfbadminton.com/player/82449/magdalena-witek","72701, 82449"
825,RUS / RUS,"Mikhail GHELASHVILI, Anastasia REDKINA",-15,0 - 4,$0.00,920 / 1,"https://bwfbadminton.com/player/56362/mikhail-ghelashvili,https://bwfbadminton.com/player/72099/anastasia-redkina","56362, 72099"
825,SRB / SRB,"Jovica RUJEVIC, Sandra RUJEVIC",-15,1 - 7,$0.00,920 / 1,"https://bwfbadminton.com/player/8394/jovica-rujevic,https://bwfbadminton.com/player/26029/sandra-rujevic","8394, 26029"
825,RUS / RUS,"Mikhail LAVRIKOV, Anastasia.V MEDVEDEVA",-15,0 - 2,$0.00,920 / 1,"https://bwfbadminton.com/player/72502/mikhail-lavrikov,https://bwfbadminton.com/player/77298/anastasia-v-medvedeva","72502, 77298"
825,SUR / SUR,"Alrick TONEY, Sherifa JAMESON",-15,0 - 0,$0.00,920 / 1,"https://bwfbadminton.com/player/97944/alrick-toney,https://bwfbadminton.com/player/94162/sherifa-jameson","97944, 94162"
825,FIN / EST,"Anton KAISTI, Karoliine HOIM",-15,2 - 3,"$5,100.00",920 / 1,"https://bwfbadminton.com/player/83131/anton-kaisti,https://bwfbadminton.com/player/67084/karoliine-hoim","83131, 67084"
825,UKR / UKR,"Mykola MARTYNENKO, Natalya VOYTSEKH",-15,0 - 0,$0.00,920 / 1,"https://bwfbadminton.com/player/34022/mykola-martynenko,https://bwfbadminton.com/player/76910/natalya-voytsekh","34022, 76910"
825,SEY / SEY,"Kervin GHISLAIN, Allisen CAMILLE",-15,4 - 6,$0.00,920 / 1,"https://bwfbadminton.com/player/62026/kervin-ghislain,https://bwfbadminton.com/player/35438/allisen-camille","62026, 35438"
825,PAK / PAK,"Muhammad ATIQUE, Palwasha BASHIR",-15,0 - 0,$426.86,920 / 1,"https://bwfbadminton.com/player/53251/muhammad-atique,https://bwfbadminton.com/player/75632/palwasha-bashir","53251, 75632"
825,FIN / EST,"Jesper VON HERTZEN, Karoliine HOIM",-15,0 - 0,$21.00,920 / 1,"https://bwfbadminton.com/player/52335/jesper-von-hertzen,https://bwfbadminton.com/player/67084/karoliine-hoim","52335, 67084"
1020,AUT / AUT,"Adi PRATAMA, Antonia MEINKE",-14,0 - 0,$225.00,910 / 2,"https://bwfbadminton.com/player/32326/adi-pratama,https://bwfbadminton.com/player/86895/antonia-meinke","32326, 86895"
1020,THA / HUN,"TOVANNAKASEM Samatcha, Nikoletta BUKOVICZKI",-14,0 - 0,$63.75,910 / 2,"https://bwfbadminton.com/player/58753/tovannakasem-samatcha,https://bwfbadminton.com/player/91088/nikoletta-bukoviczki","58753, 91088"
1020,ENG / ENG,"David HONG, Hope WARNER",-14,0 - 0,$0.00,910 / 2,"https://bwfbadminton.com/player/66002/david-hong,https://bwfbadminton.com/player/62738/hope-warner","66002, 62738"
1020,POL / POL,"Marcin NOWAK, Kornelia MARCZAK",-14,0 - 0,$0.00,910 / 2,"https://bwfbadminton.com/player/77038/marcin-nowak,https://bwfbadminton.com/player/77380/kornelia-marczak","77038, 77380"
1020,IND / IND,"Krishna Prasad GARAGA, Mahima AGGARWAL",-14,0 - 0,$225.00,910 / 2,"https://bwfbadminton.com/player/74827/krishna-prasad-garaga,https://bwfbadminton.com/player/72445/mahima-aggarwal","74827, 72445"
1025,EST / EST,"Vahur LUKIN, Mari Ann KARJUS",-14,1 - 1,$0.00,900 / 2,"https://bwfbadminton.com/player/53694/vahur-lukin,https://bwfbadminton.com/player/62746/mari-ann-karjus","53694, 62746"
1026,RUS / RUS,"Pavel KOTSARENKO, Anastasiia SEMENOVA",-14,0 - 0,$187.50,890 / 3,"https://bwfbadminton.com/player/70806/pavel-kotsarenko,https://bwfbadminton.com/player/73195/anastasiia-semenova","70806, 73195"
1027,AUS / AUS,"Subhash AROLIVEETTIL, Michelle TAM",0,0 - 0,$0.00,880 / 1,"https://bwfbadminton.com/player/95446/subhash-aroliveettil,https://bwfbadminton.com/player/77763/michelle-tam","95446, 77763"
1027,IND / IND,"Akshay RAUT, Nimmi PATEL",-14,0 - 0,$253.12,880 / 1,"https://bwfbadminton.com/player/84376/akshay-raut,https://bwfbadminton.com/player/64426/nimmi-patel","84376, 64426"
1027,TPE / TPE,"LEE Jhe-Huei, WU Fang Chien",-14,0 - 0,"$2,276.85",880 / 1,"https://bwfbadminton.com/player/99102/lee-jhe-huei,https://bwfbadminton.com/player/65996/wu-fang-chien","99102, 65996"
1027,JPN / JPN,"Hiroki OKAMURA, Nami MATSUYAMA",-14,0 - 0,$72.50,880 / 1,"https://bwfbadminton.com/player/86479/hiroki-okamura,https://bwfbadminton.com/player/65212/nami-matsuyama","86479, 65212"
1027,JPN / JPN,"Naoki YAMAZAWA, Sayaka HOBARA",-14,0 - 0,$0.00,880 / 1,"https://bwfbadminton.com/player/99070/naoki-yamazawa,https://bwfbadminton.com/player/59014/sayaka-hobara","99070, 59014"
1027,HKG / HKG,"CHANG Tak Ching, TSANG Wing Chiu Avery",-14,2 - 4,$18.76,880 / 1,"https://bwfbadminton.com/player/87674/chang-tak-ching,https://bwfbadminton.com/player/59216/tsang-wing-chiu-avery","87674, 59216"
1033,MAS / MAS,"Mohd Razlan Shah MOHD RIDZUAN SHAH, Desiree, Hao Shan SIOW",-15,0 - 0,$53.44,870 / 2,"https://bwfbadminton.com/player/95336/mohd-razlan-shah-mohd-ridzuan-shah,https://bwfbadminton.com/player/65389/desiree%2C-hao-shan-siow","95336, 65389"
1033,SUI / SUI,"Thomas BLESS, Jennifer KOBELT",-15,0 - 0,$0.00,870 / 2,"https://bwfbadminton.com/player/75702/thomas-bless,https://bwfbadminton.com/player/75099/jennifer-kobelt","75702, 75099"
1033,IND / IND,"Mohit TIWARI, Saruni SHARMA",-15,0 - 0,$0.00,870 / 2,"https://bwfbadminton.com/player/68678/mohit-tiwari,https://bwfbadminton.com/player/60425/saruni-sharma","68678, 60425"
1036,NOR / NOR,"Sturla Flaten JOERGENSEN, Emilie STORVIK",-15,0 - 0,$0.00,860 / 3,"https://bwfbadminton.com/player/99689/sturla-flaten-joergensen,https://bwfbadminton.com/player/64132/emilie-storvik","99689, 64132"
1037,AUT / AUT,"Dominik STIPSITS, Antonia MEINKE",-15,0 - 0,$0.00,850 / 3,"https://bwfbadminton.com/player/57556/dominik-stipsits,https://bwfbadminton.com/player/86895/antonia-meinke","57556, 86895"
1038,UKR / UKR,"Mykhaylo MAKHNOVSKIY, Anastasiya PROZOROVA",-15,0 - 1,$0.00,820 / 3,"https://bwfbadminton.com/player/66803/mykhaylo-makhnovskiy,https://bwfbadminton.com/player/82788/anastasiya-prozorova","66803, 82788"
1039,BLR / BLR,"Dzmitry SAIDAKOU, Alesia ZAITSAVA",-15,4 - 7,$779.62,780 / 3,"https://bwfbadminton.com/player/56849/dzmitry-saidakou,https://bwfbadminton.com/player/52294/alesia-zaitsava","56849, 52294"
1040,BEL / BEL,"Birger ABTS, Flore VANDENHOUCKE",-15,1 - 1,$0.00,730 / 2,"https://bwfbadminton.com/player/86715/birger-abts,https://bwfbadminton.com/player/65846/flore-vandenhoucke","86715, 65846"
1041,UKR / UKR,"Sergey DON, POTAPENKO Tetyana",-15,0 - 0,$0.00,720 / 2,"https://bwfbadminton.com/player/78224/sergey-don,https://bwfbadminton.com/player/31722/potapenko-tetyana","78224, 31722"
1042,LAT / LAT,"Ardis Daniels BEDRITIS, Liana LENCEVICA",-15,0 - 0,$0.00,700 / 2,"https://bwfbadminton.com/player/72611/ardis-daniels-bedritis,https://bwfbadminton.com/player/56752/liana-lencevica","72611, 56752"
1042,LTU / LTU,"Edgaras SLUSNYS, Vaida SLUSNIENE",-15,0 - 0,$0.00,700 / 2,"https://bwfbadminton.com/player/84442/edgaras-slusnys,https://bwfbadminton.com/player/64951/vaida-slusniene","84442, 64951"
1042,NOR / NOR,"Jesper KRISTENSEN, Stine ANDERSEN",-15,0 - 0,$0.00,700 / 2,"https://bwfbadminton.com/player/90234/jesper-kristensen,https://bwfbadminton.com/player/58577/stine-andersen","90234, 58577"
1042,LTU / LTU,"Karolis EIMUTAITIS, Rebeka ALEKSEVICIUTE",-15,0 - 0,$0.00,700 / 2,"https://bwfbadminton.com/player/59413/karolis-eimutaitis,https://bwfbadminton.com/player/79813/rebeka-alekseviciute","59413, 79813"
1042,AUT / ROU,"Collins Valentine FILIMON, Maria Alexandra DUTU",-15,0 - 0,$0.00,700 / 2,"https://bwfbadminton.com/player/86887/collins-valentine-filimon,https://bwfbadminton.com/player/94885/maria-alexandra-dutu","86887, 94885"
1042,RUS / RUS,"Nikolai BARANOV, Ekaterina KUT",-15,0 - 0,$196.87,700 / 2,"https://bwfbadminton.com/player/59591/nikolai-baranov,https://bwfbadminton.com/player/74997/ekaterina-kut","59591, 74997"
1042,ROU / ROU,"Matei DROANCA, Ioana GRECEA",-15,0 - 0,$0.00,700 / 2,"https://bwfbadminton.com/player/79012/matei-droanca,https://bwfbadminton.com/player/98061/ioana-grecea","79012, 98061"
1042,SVK / SVK,"Milan DRATVA, Katarina VARGOVA",-15,0 - 0,$0.00,700 / 2,"https://bwfbadminton.com/player/68819/milan-dratva,https://bwfbadminton.com/player/82827/katarina-vargova","68819, 82827"
1050,ENG / ENG,"Luke HILL, Rosemary ALLEN",-15,0 - 0,$0.00,690 / 3,"https://bwfbadminton.com/player/65177/luke-hill,https://bwfbadminton.com/player/96384/rosemary-allen","65177, 96384"
1051,THA / THA,"Ath CHIENGWONG, Suchanya KANCHANASAKA",-15,0 - 0,$0.00,680 / 2,"https://bwfbadminton.com/player/57985/ath-chiengwong,https://bwfbadminton.com/player/79551/suchanya-kanchanasaka","57985, 79551"
1052,THA / THA,"Kittisak NAMDASH, Nitchaon JINDAPOL",-15,0 - 0,$70.31,660 / 1,"https://bwfbadminton.com/player/65754/kittisak-namdash,https://bwfbadminton.com/player/57971/nitchaon-jindapol","65754, 57971"
1052,TPE / TPE,"Fang-Jen LEE, CHUNG Yu Feng",-15,0 - 0,$48.75,660 / 1,"https://bwfbadminton.com/player/70231/fang-jen-lee,https://bwfbadminton.com/player/57068/chung-yu-feng","70231, 57068"
1052,USA / BUL,"Bjorn SEGUIN, Gabriela STOEVA",-15,0 - 0,"$1,060.06",660 / 1,"https://bwfbadminton.com/player/60178/bjorn-seguin,https://bwfbadminton.com/player/43840/gabriela-stoeva","60178, 43840"
1052,RUS / GER,"Vasily KUZNETSOV, Lea-Lyn STREMLAU",-15,0 - 0,"$1,264.87",660 / 1,"https://bwfbadminton.com/player/33253/vasily-kuznetsov,https://bwfbadminton.com/player/94142/lea-lyn-stremlau","33253, 94142"
1052,THA / THA,"Sutichon POL-GUL, Sararat CHUEBOCA",-15,0 - 0,$37.50,660 / 1,"https://bwfbadminton.com/player/68526/sutichon-pol-gul,https://bwfbadminton.com/player/75836/sararat-chueboca","68526, 75836"
1052,THA / THA,"Kittithat CHEIKLINTHES, Thunyathorn THAMNOPAKAO",-15,0 - 0,$0.00,660 / 1,"https://bwfbadminton.com/player/91829/kittithat-cheiklinthes,https://bwfbadminton.com/player/70057/thunyathorn-thamnopakao","91829, 70057"
1052,IND / IND,"Utkarsh ARORA, Karishma WADKAR",-15,0 - 0,$253.12,660 / 1,"https://bwfbadminton.com/player/69203/utkarsh-arora,https://bwfbadminton.com/player/74837/karishma-wadkar","69203, 74837"
1052,IND / IND,"Vishnura RAJENDRAN, Farha MATHER",-15,0 - 0,$0.00,660 / 1,"https://bwfbadminton.com/player/89253/vishnura-rajendran,https://bwfbadminton.com/player/68087/farha-mather","89253, 68087"
1052,IND / IND,"Jaimeem DETHARIYA, Rini TANDEL",-15,0 - 0,$0.00,660 / 1,"https://bwfbadminton.com/player/57820/jaimeem-dethariya,https://bwfbadminton.com/player/65028/rini-tandel","57820, 65028"
1052,TPE / TPE,"LEE Jhe-Huei, CHIANG Ying Li",-15,0 - 0,"$2,363.12",660 / 1,"https://bwfbadminton.com/player/99102/lee-jhe-huei,https://bwfbadminton.com/player/27588/chiang-ying-li","99102, 27588"
1052,MAS / MAS,"Muhammad Amzzar ZAINUDDIN, LIM Peiy Yee, Payee",-15,0 - 0,$9.38,660 / 1,"https://bwfbadminton.com/player/98302/muhammad-amzzar-zainuddin,https://bwfbadminton.com/player/56375/lim-peiy-yee%2C-payee","98302, 56375"
1052,INA / INA,"Hilkiya BL, Cynthia Shara AYUNIDHA",-15,0 - 0,$0.00,660 / 1,"https://bwfbadminton.com/player/85347/hilkiya-bl,https://bwfbadminton.com/player/96887/cynthia-shara-ayunidha","85347, 96887"
1052,HKG / HKG,"LAW Cheuk Him, POON Lok Yan",-15,0 - 0,"$4,148.74",660 / 1,"https://bwfbadminton.com/player/62282/law-cheuk-him,https://bwfbadminton.com/player/55288/poon-lok-yan","62282, 55288"
1052,KOR / KOR,"JUN Bong Chan, Sun Min LEE",-15,0 - 0,$121.87,660 / 1,"https://bwfbadminton.com/player/65425/jun-bong-chan,https://bwfbadminton.com/player/75620/sun-min-lee","65425, 75620"
1052,BUL / BUL,"Stilian MAKARSKI, Diana DIMOVA",-15,0 - 0,"$7,332.14",660 / 1,"https://bwfbadminton.com/player/15084/stilian-makarski,https://bwfbadminton.com/player/13353/diana-dimova","15084, 13353"
1067,DEN / DEN,"Christoffer Holm VOLDSGAARD, Filippa ROHDE",-15,0 - 1,$0.00,650 / 2,"https://bwfbadminton.com/player/77963/christoffer-holm-voldsgaard,https://bwfbadminton.com/player/96387/filippa-rohde","77963, 96387"
1067,FIN / FIN,"Jere ÖVERMARK, Iina SUUTARINEN",-15,2 - 2,$0.00,650 / 2,"https://bwfbadminton.com/player/92767/jere-Oevermark,https://bwfbadminton.com/player/79810/iina-suutarinen","92767, 79810"
1069,SWE / SWE,"Adam GOZZI, Moa SJOO",-15,0 - 0,$0.00,600 / 1,"https://bwfbadminton.com/player/71272/adam-gozzi,https://bwfbadminton.com/player/86455/moa-sjoo","71272, 86455"
1069,ISL / ISL,"David Bjarni BJORNSSON, Arna Karen JOHANNSDOTTIR",-15,0 - 0,$0.00,600 / 1,"https://bwfbadminton.com/player/85707/david-bjarni-bjornsson,https://bwfbadminton.com/player/87859/arna-karen-johannsdottir","85707, 87859"
1069,FRA / FRA,"Maxime BRIOT, Marion LE TURDU",-15,0 - 0,$0.00,600 / 1,"https://bwfbadminton.com/player/70764/maxime-briot,https://bwfbadminton.com/player/95045/marion-le-turdu","70764, 95045"
1069,ROU / ROU,"Catalin IONASCU, Florentina CONSTANTINESCU",-15,0 - 0,$22.13,600 / 1,"https://bwfbadminton.com/player/89596/catalin-ionascu,https://bwfbadminton.com/player/51585/florentina-constantinescu","89596, 51585"
1069,HUN / HUN,"Gergo PYTEL, Reka MADARASZ",-15,0 - 0,$0.00,600 / 1,"https://bwfbadminton.com/player/94426/gergo-pytel,https://bwfbadminton.com/player/94323/reka-madarasz","94426, 94323"
1069,ROU / ROU,"Andreas THIEL, Loredana LUNGU",-15,0 - 0,$0.00,600 / 1,"https://bwfbadminton.com/player/98157/andreas-thiel,https://bwfbadminton.com/player/82068/loredana-lungu","98157, 82068"
1069,HUN / HUN,"Bence PYTEL, Agnes KOROSI",-15,0 - 0,$0.00,600 / 1,"https://bwfbadminton.com/player/55018/bence-pytel,https://bwfbadminton.com/player/74051/agnes-korosi","55018, 74051"
1069,POL / POL,"Robert CYBULSKI, Magdalena KULSKA",-15,0 - 0,$0.00,600 / 1,"https://bwfbadminton.com/player/61897/robert-cybulski,https://bwfbadminton.com/player/72685/magdalena-kulska","61897, 72685"
1069,POL / POL,"Wojciech SAJDOK, Zuzanna PARYSZ",-15,0 - 0,$0.00,600 / 1,"https://bwfbadminton.com/player/86299/wojciech-sajdok,https://bwfbadminton.com/player/88584/zuzanna-parysz","86299, 88584"
1069,GRE / GRE,"Mihail Rami PANAGIOTOU, Eleni MOUTEVELIDOU",-15,0 - 0,$0.00,600 / 1,"https://bwfbadminton.com/player/76664/mihail-rami-panagiotou,https://bwfbadminton.com/player/96134/eleni-moutevelidou","76664, 96134"
1069,DEN / DEN,"Mads Hoelgaard CHRISTENSEN, Lisa KRAMER",-15,0 - 0,$0.00,600 / 1,"https://bwfbadminton.com/player/58596/mads-hoelgaard-christensen,https://bwfbadminton.com/player/92405/lisa-kramer","58596, 92405"
1069,CRO / CRO,"Luka GRUBIĆ, Ela TRSTENJAK",-15,0 - 0,$0.00,600 / 1,"https://bwfbadminton.com/player/71489/luka-grubi%C4%86,https://bwfbadminton.com/player/62939/ela-trstenjak","71489, 62939"
1069,ISR / ISR,"Alexander BASS, Dana KUGEL",-15,0 - 0,$0.00,600 / 1,"https://bwfbadminton.com/player/15063/alexander-bass,https://bwfbadminton.com/player/65089/dana-kugel","15063, 65089"
1069,ISR / ISR,"Ilia KONYAK, Shery ROTSHTEIN",-15,0 - 0,$0.00,600 / 1,"https://bwfbadminton.com/player/59439/ilia-konyak,https://bwfbadminton.com/player/72617/shery-rotshtein","59439, 72617"
1069,ISR / ISR,"Itamar DEGANY, Imri ASHKENAZY",-15,0 - 0,$0.00,600 / 1,"https://bwfbadminton.com/player/83645/itamar-degany,https://bwfbadminton.com/player/60757/imri-ashkenazy","83645, 60757"
1069,ISR / ISR,"Maxim GRINBLAT, Liza GILMAN",-15,0 - 0,$0.00,600 / 1,"https://bwfbadminton.com/player/63750/maxim-grinblat,https://bwfbadminton.com/player/60196/liza-gilman","63750, 60196"
1069,ISR / ISR,"Shon ROTSHTEIN, Shirel BALENKI",-15,0 - 0,$0.00,600 / 1,"https://bwfbadminton.com/player/76796/shon-rotshtein,https://bwfbadminton.com/player/78447/shirel-balenki","76796, 78447"
1069,ISR / ISR,"Shai GEFFEN, Yuval PUGACH",-15,0 - 0,$0.00,600 / 1,"https://bwfbadminton.com/player/12998/shai-geffen,https://bwfbadminton.com/player/61046/yuval-pugach","12998, 61046"
1069,MKD / MKD,"Petar ZHIVKOVSKI, Ina STEFANOVSKA",-15,0 - 0,$0.00,600 / 1,"https://bwfbadminton.com/player/67576/petar-zhivkovski,https://bwfbadminton.com/player/84976/ina-stefanovska","67576, 84976"
1069,BLR / BLR,"Dzmitry KUZMITSKI, Maryana VIARBITSKAYA",-15,0 - 0,$0.00,600 / 1,"https://bwfbadminton.com/player/70866/dzmitry-kuzmitski,https://bwfbadminton.com/player/86613/maryana-viarbitskaya","70866, 86613"
1069,SLO / SLO,"Andraz KRAPEZ, Kaja STANKOVIC",-15,0 - 0,$0.00,600 / 1,"https://bwfbadminton.com/player/98248/andraz-krapez,https://bwfbadminton.com/player/65194/kaja-stankovic","98248, 65194"
1069,GER / GER,"Jonathan PERSSON, Priskila SIAHAYA",-15,0 - 0,$510.00,600 / 1,"https://bwfbadminton.com/player/60652/jonathan-persson,https://bwfbadminton.com/player/85730/priskila-siahaya","60652, 85730"
1069,ARU / ARU,"Kevin DIJKHOFF, Milangela PLATE",-15,0 - 0,$0.00,600 / 1,"https://bwfbadminton.com/player/81333/kevin-dijkhoff,https://bwfbadminton.com/player/30027/milangela-plate","81333, 30027"
1069,NED / SUR,"Mike VAN DAAL, Anjali PARAGSINGH",-15,0 - 0,$0.00,600 / 1,"https://bwfbadminton.com/player/74308/mike-van-daal,https://bwfbadminton.com/player/72339/anjali-paragsingh","74308, 72339"
1069,BAR / BAR,"Cory FANUS, Monyata RIVIERA",-15,0 - 0,$0.00,600 / 1,"https://bwfbadminton.com/player/76241/cory-fanus,https://bwfbadminton.com/player/64740/monyata-riviera","76241, 64740"
1069,FRA / FRA,"Vincent ESPEN, Manon KRIEGER",-15,6 - 17,$260.00,600 / 1,"https://bwfbadminton.com/player/57661/vincent-espen,https://bwfbadminton.com/player/89836/manon-krieger","57661, 89836"
1095,RUS / RUS,"Ekaterina MALKOVA, Vladimir IVANOV",-15,0 - 0,"$4,149.23",592 / 2,"https://bwfbadminton.com/player/81907/ekaterina-malkova,https://bwfbadminton.com/player/53924/vladimir-ivanov","81907, 53924"
1096,EST / EST,"Mikk OUNMAA, Sigrid Laura MOORA",-15,0 - 1,$0.00,560 / 2,"https://bwfbadminton.com/player/97423/mikk-ounmaa,https://bwfbadminton.com/player/82271/sigrid-laura-moora","97423, 82271"
1097,MRI / MRI,"Ved CALLYCHURN, Bhavishasingh CANAYE",-15,0 - 0,$0.00,550 / 1,"https://bwfbadminton.com/player/62439/ved-callychurn,https://bwfbadminton.com/player/84415/bhavishasingh-canaye","62439, 84415"
1097,MRI / MRI,"Khabir TEELUCK, Shania LEUNG",-15,0 - 0,$0.00,550 / 1,"https://bwfbadminton.com/player/82150/khabir-teeluck,https://bwfbadminton.com/player/91753/shania-leung","82150, 91753"
1097,MRI / MRI,"Shailen CHUTTOOR, Luvyna CHUTTOOR",-15,0 - 0,$0.00,550 / 1,"https://bwfbadminton.com/player/85955/shailen-chuttoor,https://bwfbadminton.com/player/86640/luvyna-chuttoor","85955, 86640"
1097,MRI / MRI,"Nevin LUFOR, Nicola WASSERFALL",-15,0 - 0,$0.00,550 / 1,"https://bwfbadminton.com/player/92071/nevin-lufor,https://bwfbadminton.com/player/79127/nicola-wasserfall","92071, 79127"
1097,REU / REU,"Robin ARMOET, Loise LAW KWAI",-15,0 - 0,$0.00,550 / 1,"https://bwfbadminton.com/player/68380/robin-armoet,https://bwfbadminton.com/player/88990/loise-law-kwai","68380, 88990"
1097,MRI / REU,"Olivier HAREL, Marthe GUICHARD",-15,0 - 0,$0.00,550 / 1,"https://bwfbadminton.com/player/91652/olivier-harel,https://bwfbadminton.com/player/60531/marthe-guichard","91652, 60531"
1097,MRI / MRI,"Ravin ANTHI-IYA, Sharon YOUNG PAK KIAN",-15,0 - 0,$0.00,550 / 1,"https://bwfbadminton.com/player/56356/ravin-anthi-iya,https://bwfbadminton.com/player/90369/sharon-young-pak-kian","56356, 90369"
1097,GER / GER,"Patrick SCHEIEL, Annika SCHREIBER",-15,0 - 0,$0.00,550 / 1,"https://bwfbadminton.com/player/72084/patrick-scheiel,https://bwfbadminton.com/player/72051/annika-schreiber","72084, 72051"
1097,MAS / MAS,"HOO Pang Ron, CHEAH Yee See",-15,0 - 0,$427.49,550 / 1,"https://bwfbadminton.com/player/72675/hoo-pang-ron,https://bwfbadminton.com/player/58879/cheah-yee-see","72675, 58879"
1097,CHN / CHN,"TAO Jianqi, WANG Xinyuan",-15,0 - 0,$0.00,550 / 1,"https://bwfbadminton.com/player/86397/tao-jianqi,https://bwfbadminton.com/player/64844/wang-xinyuan","86397, 64844"
1097,INA / INA,"Yeremia Erich Yoche Yacob RAMBITAN, Ribka SUGIARTO",-15,0 - 0,$0.00,550 / 1,"https://bwfbadminton.com/player/94430/yeremia-erich-yoche-yacob-rambitan,https://bwfbadminton.com/player/96455/ribka-sugiarto","94430, 96455"
1097,INA / INA,"Setiawan HIDAYAT, Nadya MELATI",-15,0 - 0,"$1,958.75",550 / 1,"https://bwfbadminton.com/player/87966/setiawan-hidayat,https://bwfbadminton.com/player/52733/nadya-melati","87966, 52733"
1097,MAS / MAS,"Thanesh VEERAPPAN, Wei Chyi TI",-15,0 - 0,$0.00,550 / 1,"https://bwfbadminton.com/player/87035/thanesh-veerappan,https://bwfbadminton.com/player/64369/wei-chyi-ti","87035, 64369"
1097,NED / NED,"Ties VAN DER LECQ, Debora JILLE",-15,0 - 0,$0.00,550 / 1,"https://bwfbadminton.com/player/91971/ties-van-der-lecq,https://bwfbadminton.com/player/67373/debora-jille","91971, 67373"
1097,GER / GER,"Ary TRISNANTO, Kilasu OSTERMEYER",-15,0 - 0,$171.86,550 / 1,"https://bwfbadminton.com/player/75986/ary-trisnanto,https://bwfbadminton.com/player/74944/kilasu-ostermeyer","75986, 74944"
1097,NED / NED,"Russell MUNS, Imke VAN DER AAR",-15,0 - 0,$103.12,550 / 1,"https://bwfbadminton.com/player/57142/russell-muns,https://bwfbadminton.com/player/89732/imke-van-der-aar","57142, 89732"
1097,CUB / CUB,"Daniel LOPES AGUILERA, Yuvisleydis RAMIREZ CHAPMAN",-15,0 - 0,$0.00,550 / 1,"https://bwfbadminton.com/player/83531/daniel-lopes-aguilera,https://bwfbadminton.com/player/55800/yuvisleydis-ramirez-chapman","83531, 55800"
1097,CUB / CUB,"Daimel ROLL, Barbara Ines LA ROSA TORRES",-15,0 - 0,$0.00,550 / 1,"https://bwfbadminton.com/player/89850/daimel-roll,https://bwfbadminton.com/player/60231/barbara-ines-la-rosa-torres","89850, 60231"
1097,CUB / CUB,"Manuel DEL ROSARIO PARGAS, Marianne GONZALEZ ORTIZ",-15,0 - 0,$0.00,550 / 1,"https://bwfbadminton.com/player/70621/manuel-del-rosario-pargas,https://bwfbadminton.com/player/76468/marianne-gonzalez-ortiz","70621, 76468"
1097,CUB / CUB,"Rafael COLOMBAT VINENT, Camila PALACIO REYES",-15,0 - 0,$0.00,550 / 1,"https://bwfbadminton.com/player/66401/rafael-colombat-vinent,https://bwfbadminton.com/player/92085/camila-palacio-reyes","66401, 92085"
1097,CUB / CUB,"Jose Carlos SUAREZ ATAURY, Yudima GARCIA VALDEZ",-15,0 - 0,$0.00,550 / 1,"https://bwfbadminton.com/player/58483/jose-carlos-suarez-ataury,https://bwfbadminton.com/player/91709/yudima-garcia-valdez","58483, 91709"
1097,PER / PER,"Alfonso GARCIA-ROSELL, Thaina BELLIDO GARCIA",-15,0 - 0,$0.00,550 / 1,"https://bwfbadminton.com/player/79850/alfonso-garcia-rosell,https://bwfbadminton.com/player/94683/thaina-bellido-garcia","79850, 94683"
1097,GUA / GUA,"Anibal MARROQUIN, Alejandra Jose PAIZ QUAN",-15,0 - 0,$138.73,550 / 1,"https://bwfbadminton.com/player/93965/anibal-marroquin,https://bwfbadminton.com/player/96554/alejandra-jose-paiz-quan","93965, 96554"
1097,CZE / CZE,"Tomas ABRAHAM, Vendula ŠTROBLOVÁ",-15,0 - 0,$0.00,550 / 1,"https://bwfbadminton.com/player/98346/tomas-abraham,https://bwfbadminton.com/player/87895/vendula-%C5%A0troblova","98346, 87895"
1097,PER / PER,"Mariano NOVOA, Micaela Fernanda CASTILLO SALAZAR",-15,0 - 0,$177.50,550 / 1,"https://bwfbadminton.com/player/57747/mariano-novoa,https://bwfbadminton.com/player/81867/micaela-fernanda-castillo-salazar","57747, 81867"
1097,CZE / CZE,"Adam TWARDZIK, Veronika BROŽKOVCOVÁ",-15,0 - 0,$0.00,550 / 1,"https://bwfbadminton.com/player/78566/adam-twardzik,https://bwfbadminton.com/player/65234/veronika-bro%C5%BDkovcova","78566, 65234"
1097,POR / POR,"Miguel ROCHA, Mariana CHANG",-15,0 - 0,$0.00,550 / 1,"https://bwfbadminton.com/player/91800/miguel-rocha,https://bwfbadminton.com/player/90777/mariana-chang","91800, 90777"
1097,SCO / SCO,"Matthew GRIMLEY, Julie MACPHERSON",-15,0 - 0,$93.75,550 / 1,"https://bwfbadminton.com/player/92470/matthew-grimley,https://bwfbadminton.com/player/91715/julie-macpherson","92470, 91715"
1097,POR / FRA,"Ricardo SILVA, Juliane PIRON",-15,0 - 0,$0.00,550 / 1,"https://bwfbadminton.com/player/59332/ricardo-silva,https://bwfbadminton.com/player/78120/juliane-piron","59332, 78120"
1097,NOR / NOR,"Carl Christian MORK, Marlene WÅLAND",-15,0 - 0,$0.00,550 / 1,"https://bwfbadminton.com/player/73244/carl-christian-mork,https://bwfbadminton.com/player/64948/marlene-w%C3%85land","73244, 64948"
1097,UGA / UGA,"Benjamin JJUUKO, Erina NALWATI",-15,0 - 0,$0.00,550 / 1,"https://bwfbadminton.com/player/59753/benjamin-jjuuko,https://bwfbadminton.com/player/75075/erina-nalwati","59753, 75075"
1097,UGA / UGA,"Isaac KASIRYE, Judith NAMATOVU",-15,0 - 0,$0.00,550 / 1,"https://bwfbadminton.com/player/76950/isaac-kasirye,https://bwfbadminton.com/player/81759/judith-namatovu","76950, 81759"
1097,UGA / UGA,"Troy AYESIGA, Sharifah NANSEREKO",-15,0 - 0,$0.00,550 / 1,"https://bwfbadminton.com/player/73628/troy-ayesiga,https://bwfbadminton.com/player/61932/sharifah-nansereko","73628, 61932"
1097,UGA /  / UGA,"Felix OCITTI, Ruth NAKAWOYA",-15,0 - 0,$0.00,550 / 1,"https://bwfbadminton.com/player/89323/felix-ocitti,https://bwfbadminton.com/player/75142/ruth-nakawoya","89323, 75142"
1097,UGA / UGA,"Albert MENYA, Patricia ALUKO",-15,0 - 0,$0.00,550 / 1,"https://bwfbadminton.com/player/70958/albert-menya,https://bwfbadminton.com/player/67315/patricia-aluko","70958, 67315"
1097,UGA / UGA,"Muzafar LUBEGA, Olivia NAKAJJA",-15,0 - 0,$0.00,550 / 1,"https://bwfbadminton.com/player/77864/muzafar-lubega,https://bwfbadminton.com/player/67954/olivia-nakajja","77864, 67954"
1097,UGA / UGA,"Warren TUSIIME, Maureen BYARUGABA",-15,0 - 0,$0.00,550 / 1,"https://bwfbadminton.com/player/79642/warren-tusiime,https://bwfbadminton.com/player/90600/maureen-byarugaba","79642, 90600"
1097,NCL / NCL,"Jeremy LEMAITRE, Cathy CAMEROTA",-15,0 - 0,$0.00,550 / 1,"https://bwfbadminton.com/player/98395/jeremy-lemaitre,https://bwfbadminton.com/player/77580/cathy-camerota","98395, 77580"
1097,NZL / NZL,"Edward LAU, Christine ZHANG",-15,0 - 0,$30.00,550 / 1,"https://bwfbadminton.com/player/99895/edward-lau,https://bwfbadminton.com/player/82563/christine-zhang","99895, 82563"
1097,NCL / NCL,"Noah MICHEL, Tiphaine TAMOLE",-15,0 - 0,$0.00,550 / 1,"https://bwfbadminton.com/player/85220/noah-michel,https://bwfbadminton.com/player/79660/tiphaine-tamole","85220, 79660"
1097,ISL / ISL,"Einar SVERRISSON, Halla Maria GUSTAFSDOTTIR",-15,0 - 0,$0.00,550 / 1,"https://bwfbadminton.com/player/93175/einar-sverrisson,https://bwfbadminton.com/player/99796/halla-maria-gustafsdottir","93175, 99796"
1097,ISL / ISL,"Brynjar Mar ELLERTSSON, Ingibjorg Rosa JONSDOTTIR",-15,0 - 0,$0.00,550 / 1,"https://bwfbadminton.com/player/65140/brynjar-mar-ellertsson,https://bwfbadminton.com/player/63808/ingibjorg-rosa-jonsdottir","65140, 63808"
1097,ISL / ISL,"Elvar Mar STURLAUGSSON, Ulfheidur Embla ASGEIRSDOTTIR",-15,0 - 0,$0.00,550 / 1,"https://bwfbadminton.com/player/66396/elvar-mar-sturlaugsson,https://bwfbadminton.com/player/85084/ulfheidur-embla-asgeirsdottir","66396, 85084"
1097,ISL / ISL,"Robert Thor HENN, Andrea NILSDOTTIR",-15,0 - 0,$0.00,550 / 1,"https://bwfbadminton.com/player/55431/robert-thor-henn,https://bwfbadminton.com/player/96864/andrea-nilsdottir","55431, 96864"
1097,ISL / ISL,"Haukur Gylfi GISLASON, Ingibjorg Soley EINARSDOTTIR",-15,0 - 0,$0.00,550 / 1,"https://bwfbadminton.com/player/73117/haukur-gylfi-gislason,https://bwfbadminton.com/player/68500/ingibjorg-soley-einarsdottir","73117, 68500"
1097,ISL / ISL,"Thordur SKULASON, Una Hrund ORVAR",-15,0 - 0,$0.00,550 / 1,"https://bwfbadminton.com/player/91054/thordur-skulason,https://bwfbadminton.com/player/87277/una-hrund-orvar","91054, 87277"
1097,ENG / ENG,"Benjamin LI, Jessica LI",-15,0 - 0,$0.00,550 / 1,"https://bwfbadminton.com/player/98700/benjamin-li,https://bwfbadminton.com/player/58802/jessica-li","98700, 58802"
1097,ISL / ISL,"Sigurdur Edvard OLAFSSON, Harpa HILMISDOTTIR",-15,0 - 0,$0.00,550 / 1,"https://bwfbadminton.com/player/79576/sigurdur-edvard-olafsson,https://bwfbadminton.com/player/55574/harpa-hilmisdottir","79576, 55574"
1097,ISL / ISL,"Jonas BALDURSSON, Sunna Osp RUNOLFSDOTTIR",-15,0 - 0,$0.00,550 / 1,"https://bwfbadminton.com/player/97914/jonas-baldursson,https://bwfbadminton.com/player/18304/sunna-osp-runolfsdottir","97914, 18304"
1097,ISL / ISL,"Bjarni Thor SVERRISSON, Katrin Vala EINARSDOTTIR",-15,0 - 0,$0.00,550 / 1,"https://bwfbadminton.com/player/88127/bjarni-thor-sverrisson,https://bwfbadminton.com/player/91091/katrin-vala-einarsdottir","88127, 91091"
1097,ISL / ISL,"Eidur Isak BRODDASON, Thorunn EYLANDS",-15,0 - 0,$0.00,550 / 1,"https://bwfbadminton.com/player/61426/eidur-isak-broddason,https://bwfbadminton.com/player/81558/thorunn-eylands","61426, 81558"
1097,ISL / ISL,"Atli TOMASSON, Eyrun Bjorg GUDJONSDOTTIR",-15,0 - 0,$0.00,550 / 1,"https://bwfbadminton.com/player/57379/atli-tomasson,https://bwfbadminton.com/player/72979/eyrun-bjorg-gudjonsdottir","57379, 72979"
1097,ISL / ISL,"Egill GUDLAUGSSON, Erla Bjorg HAFSTEINSDOTTIR",-15,0 - 0,$0.00,550 / 1,"https://bwfbadminton.com/player/77202/egill-gudlaugsson,https://bwfbadminton.com/player/8679/erla-bjorg-hafsteinsdottir","77202, 8679"
1097,SWE / SWE,"Richard EIDESTEDT, Clara NISTAD",-15,0 - 0,$43.13,550 / 1,"https://bwfbadminton.com/player/53849/richard-eidestedt,https://bwfbadminton.com/player/80474/clara-nistad","53849, 80474"
1097,DEN / DEN,"Mikkel ELBJORN, Christine BUSCH",-15,0 - 0,$93.75,550 / 1,"https://bwfbadminton.com/player/67764/mikkel-elbjorn,https://bwfbadminton.com/player/58324/christine-busch","67764, 58324"
1097,FIN / FIN,"Jere ÖVERMARK, Noora AHOLA",-15,0 - 0,$0.00,550 / 1,"https://bwfbadminton.com/player/92767/jere-Oevermark,https://bwfbadminton.com/player/60822/noora-ahola","92767, 60822"
1097,RUS / RUS,"Nikolai UKK, Anastasiia BOIARUN",-15,0 - 0,$0.00,550 / 1,"https://bwfbadminton.com/player/67082/nikolai-ukk,https://bwfbadminton.com/player/91650/anastasiia-boiarun","67082, 91650"
1097,ENG / ENG,"Max FLYNN, Leah ALLEN",-15,0 - 0,$0.00,550 / 1,"https://bwfbadminton.com/player/62199/max-flynn,https://bwfbadminton.com/player/80308/leah-allen","62199, 80308"
1097,TUR / TUR,"Ali Bugra AKDOGAN, Buse CEYLAN",-15,0 - 0,$0.00,550 / 1,"https://bwfbadminton.com/player/76697/ali-bugra-akdogan,https://bwfbadminton.com/player/89222/buse-ceylan","76697, 89222"
1097,TUR / TUR,"Mehmet CAPAR, Zehra ERDEM",-15,0 - 0,$0.00,550 / 1,"https://bwfbadminton.com/player/78957/mehmet-capar,https://bwfbadminton.com/player/53095/zehra-erdem","78957, 53095"
1097,TUR / TUR,"Ahmet TAKMAK, Aslihan AYNA",-15,0 - 0,$0.00,550 / 1,"https://bwfbadminton.com/player/73604/ahmet-takmak,https://bwfbadminton.com/player/89976/aslihan-ayna","73604, 89976"
1097,TUR / TUR,"Erol CEYLAN, Naime YILMAZ",-15,0 - 0,$0.00,550 / 1,"https://bwfbadminton.com/player/57121/erol-ceylan,https://bwfbadminton.com/player/79252/naime-yilmaz","57121, 79252"
1097,ZAM / ZAM,"Dalitso BANDA, Mwansa ESTHER",-15,0 - 0,$0.00,550 / 1,"https://bwfbadminton.com/player/85935/dalitso-banda,https://bwfbadminton.com/player/92252/mwansa-esther","85935, 92252"
1097,ZAM / ZAM,"Weluzan ZIWA, Sipiwe ZIWA",-15,0 - 0,$0.00,550 / 1,"https://bwfbadminton.com/player/65629/weluzan-ziwa,https://bwfbadminton.com/player/76392/sipiwe-ziwa","65629, 76392"
1097,ZAM / ZAM,"Kalombo MULENGA, Penelope Sinini MUDENDA",-15,0 - 0,$0.00,550 / 1,"https://bwfbadminton.com/player/55024/kalombo-mulenga,https://bwfbadminton.com/player/71933/penelope-sinini-mudenda","55024, 71933"
1097,ZAM / ZAM,"Muloba MALAWO, Towela GONDWE",-15,0 - 0,$0.00,550 / 1,"https://bwfbadminton.com/player/61920/muloba-malawo,https://bwfbadminton.com/player/57584/towela-gondwe","61920, 57584"
1097,ZAM / ZAM,"Paul MWAMBA, Simataa AGNESS",-15,0 - 0,$0.00,550 / 1,"https://bwfbadminton.com/player/88814/paul-mwamba,https://bwfbadminton.com/player/91358/simataa-agness","88814, 91358"
1097,ZAM / ZAM,"Timothy KAFUNDA, Jenipher PHIRI",-15,0 - 0,$0.00,550 / 1,"https://bwfbadminton.com/player/79629/timothy-kafunda,https://bwfbadminton.com/player/88524/jenipher-phiri","79629, 88524"
1097,ZAM /  / ZAM,"Julius MBEWE, Ngambi NAOMI",-15,0 - 0,$0.00,550 / 1,"https://bwfbadminton.com/player/98682/julius-mbewe,https://bwfbadminton.com/player/94627/ngambi-naomi","98682, 94627"
1097,ZAM / ZAM,"MABO DONALD, Mary CHILAMBE",-15,0 - 0,$500.00,550 / 1,"https://bwfbadminton.com/player/99795/mabo-donald,https://bwfbadminton.com/player/73995/mary-chilambe","99795, 73995"
1097,FIN / FIN,"Anton HÄGGBLOM, Henna HIETAMÄKI",-15,0 - 0,$0.00,550 / 1,"https://bwfbadminton.com/player/82228/anton-hAeggblom,https://bwfbadminton.com/player/74896/henna-hietamAeki","82228, 74896"
1097,DEN / DEN,"Philip Illum KLINDT, Anne FUGLSANG",-15,0 - 0,$0.00,550 / 1,"https://bwfbadminton.com/player/77098/philip-illum-klindt,https://bwfbadminton.com/player/72821/anne-fuglsang","77098, 72821"
1097,FIN / FIN,"Heikki KONTRO, Heini IHALAINEN",-15,0 - 0,$0.00,550 / 1,"https://bwfbadminton.com/player/66507/heikki-kontro,https://bwfbadminton.com/player/74691/heini-ihalainen","66507, 74691"
1097,SWE / SWE,"Viktor AGLINDER, Ashwathi PILLAI",-15,0 - 0,$0.00,550 / 1,"https://bwfbadminton.com/player/99935/viktor-aglinder,https://bwfbadminton.com/player/81068/ashwathi-pillai","99935, 81068"
1097,FIN / FIN,"Pauli SAARINEN, Marjaana SOROKIN",-15,0 - 0,$0.00,550 / 1,"https://bwfbadminton.com/player/42727/pauli-saarinen,https://bwfbadminton.com/player/93960/marjaana-sorokin","42727, 93960"
1097,DEN / DEN,"Oscar MOLLYHUS, Sofie NYVANG",-15,0 - 0,$0.00,550 / 1,"https://bwfbadminton.com/player/79292/oscar-mollyhus,https://bwfbadminton.com/player/89284/sofie-nyvang","79292, 89284"
1097,IND / IND,"Ravinder KUMAR, Monika DHILLON",-15,0 - 0,$0.00,550 / 1,"https://bwfbadminton.com/player/84876/ravinder-kumar,https://bwfbadminton.com/player/61204/monika-dhillon","84876, 61204"
1097,IND / IND,"Bhaskar CHAKRABORTY, Megha Morchana BORA",-15,0 - 0,$0.00,550 / 1,"https://bwfbadminton.com/player/56587/bhaskar-chakraborty,https://bwfbadminton.com/player/78494/megha-morchana-bora","56587, 78494"
1097,NEP / NEP,"Deepak BOHARA, Jessica GURUNG",-15,0 - 0,$96.25,550 / 1,"https://bwfbadminton.com/player/63908/deepak-bohara,https://bwfbadminton.com/player/71319/jessica-gurung","63908, 71319"
1097,IND / IND,"VISHAL THAKRAN, Prabhjyot KOUR",-15,0 - 0,$0.00,550 / 1,"https://bwfbadminton.com/player/62134/vishal-thakran,https://bwfbadminton.com/player/62668/prabhjyot-kour","62134, 62668"
1097,NOR / NOR,"Ole Herman IMSET, Marie CHRISTENSEN",-15,0 - 0,$0.00,550 / 1,"https://bwfbadminton.com/player/85977/ole-herman-imset,https://bwfbadminton.com/player/83125/marie-christensen","85977, 83125"
1097,EGY / EGY,"Shady MAMDOUH, Toka ELWAZIRI",-15,0 - 0,$0.00,550 / 1,"https://bwfbadminton.com/player/98942/shady-mamdouh,https://bwfbadminton.com/player/80417/toka-elwaziri","98942, 80417"
1097,EGY / EGY,"Mahmoud ABBAS HASSAN, Amira ASHRAF MAHMOUD ALY",-15,0 - 0,$0.00,550 / 1,"https://bwfbadminton.com/player/83877/mahmoud-abbas-hassan,https://bwfbadminton.com/player/71825/amira-ashraf-mahmoud-aly","83877, 71825"
1097,EGY / EGY,"Bassam TAHSEEN ABDELRAHIM, Yara AKRAM",-15,0 - 0,$0.00,550 / 1,"https://bwfbadminton.com/player/97485/bassam-tahseen-abdelrahim,https://bwfbadminton.com/player/83934/yara-akram","97485, 83934"
1097,EGY / EGY,"Ahmed GOMAA, Mayar DAWOUD",-15,0 - 0,$0.00,550 / 1,"https://bwfbadminton.com/player/59240/ahmed-gomaa,https://bwfbadminton.com/player/76428/mayar-dawoud","59240, 76428"
1097,EGY / EGY,"Asser AKMAL AHMED FOUAD, Naja TAREK",-15,0 - 0,$0.00,550 / 1,"https://bwfbadminton.com/player/64079/asser-akmal-ahmed-fouad,https://bwfbadminton.com/player/82055/naja-tarek","64079, 82055"
1097,EGY / EGY,"Omar ELSAYEGH, Hania SHAHIN",-15,0 - 0,$0.00,550 / 1,"https://bwfbadminton.com/player/77916/omar-elsayegh,https://bwfbadminton.com/player/94401/hania-shahin","77916, 94401"
1097,EGY / EGY,"Adham Hatem ELGAMAL, Hana TAREK ZAHER",-15,0 - 0,$0.00,550 / 1,"https://bwfbadminton.com/player/72466/adham-hatem-elgamal,https://bwfbadminton.com/player/77353/hana-tarek-zaher","72466, 77353"
1097,EGY / EGY,"Monier Fayez BOTROS, Aya EZZAT ABDELRAHIM",-15,0 - 0,$0.00,550 / 1,"https://bwfbadminton.com/player/74044/monier-fayez-botros,https://bwfbadminton.com/player/99416/aya-ezzat-abdelrahim","74044, 99416"
1097,EGY / EGY,"Mohamed TOSON, Sara MOHAMED GAMALELDIN ABDELGHANY",-15,0 - 0,$0.00,550 / 1,"https://bwfbadminton.com/player/88428/mohamed-toson,https://bwfbadminton.com/player/80053/sara-mohamed-gamaleldin-abdelghany","88428, 80053"
1097,EGY / EGY,"Tarek AHMED SAYED, Eman MOSTAFA MOHAMED",-15,0 - 0,$0.00,550 / 1,"https://bwfbadminton.com/player/77110/tarek-ahmed-sayed,https://bwfbadminton.com/player/88211/eman-mostafa-mohamed","77110, 88211"
1097,DEN / DEN,"Patrick BJERREGAARD, Emilie AALESTRUP",-15,0 - 0,$0.00,550 / 1,"https://bwfbadminton.com/player/95604/patrick-bjerregaard,https://bwfbadminton.com/player/58394/emilie-aalestrup","95604, 58394"
1097,POR /  / POR,"Rui MENDES, Catarina M. MARTINS",-15,0 - 0,$0.00,550 / 1,"https://bwfbadminton.com/player/52800/rui-mendes,https://bwfbadminton.com/player/74099/catarina-m-martins","52800, 74099"
1097,SUI / SUI,"Iztok UTROSA, Sereina HOFSTETTER",-15,0 - 0,$0.00,550 / 1,"https://bwfbadminton.com/player/53872/iztok-utrosa,https://bwfbadminton.com/player/90999/sereina-hofstetter","53872, 90999"
1097,SUI / SUI,"Jan FROHLICH, Malika GOLAY",-15,0 - 0,$0.00,550 / 1,"https://bwfbadminton.com/player/10565/jan-frohlich,https://bwfbadminton.com/player/65348/malika-golay","10565, 65348"
1097,FRA / FRA,"Inoki THEOPILUS, Alix SAUMIER",-15,0 - 0,$0.00,550 / 1,"https://bwfbadminton.com/player/90188/inoki-theopilus,https://bwfbadminton.com/player/91975/alix-saumier","90188, 91975"
1097,TPE / TPE,"LU Chen, LIN Jhih Yun",-15,0 - 0,$154.68,550 / 1,"https://bwfbadminton.com/player/60896/lu-chen,https://bwfbadminton.com/player/69009/lin-jhih-yun","60896, 69009"
1097,THA / THA,"Saharat MUCHSHIMA, Suchanya KANCHANASAKA",-15,0 - 0,$0.00,550 / 1,"https://bwfbadminton.com/player/97364/saharat-muchshima,https://bwfbadminton.com/player/79551/suchanya-kanchanasaka","97364, 79551"
1097,SWE / MAS,"Jesper DE WAAL, Shen Yee TOO",-15,0 - 0,$0.00,550 / 1,"https://bwfbadminton.com/player/86369/jesper-de-waal,https://bwfbadminton.com/player/85579/shen-yee-too","86369, 85579"
1097,HUN / HUN,"Gergely KRAUSZ, Nikoletta BUKOVICZKI",-15,0 - 0,$0.00,550 / 1,"https://bwfbadminton.com/player/56755/gergely-krausz,https://bwfbadminton.com/player/91088/nikoletta-bukoviczki","56755, 91088"
1097,NZL / NZL,"Jonathan CURTIN, Maria MASINIPENI",-15,0 - 0,$69.37,550 / 1,"https://bwfbadminton.com/player/91659/jonathan-curtin,https://bwfbadminton.com/player/78872/maria-masinipeni","91659, 78872"
1097,KOR / KOR,"KIM Han Soo, LEE Ji Hye",-15,0 - 0,$0.00,550 / 1,"https://bwfbadminton.com/player/90440/kim-han-soo,https://bwfbadminton.com/player/63747/lee-ji-hye","90440, 63747"
1097,CHN / CHN,"WU Yehao, HU Xiang Lin",-15,0 - 0,$0.00,550 / 1,"https://bwfbadminton.com/player/72566/wu-yehao,https://bwfbadminton.com/player/77691/hu-xiang-lin","72566, 77691"
1097,AUS / AUS,"Rupert KANG, Michelle TAM",-15,0 - 0,$0.00,550 / 1,"https://bwfbadminton.com/player/63466/rupert-kang,https://bwfbadminton.com/player/77763/michelle-tam","63466, 77763"
1097,AUS / AUS,"Rupert KANG, Michelle TAM",-15,0 - 0,$0.00,550 / 1,"https://bwfbadminton.com/player/63466/rupert-kang,https://bwfbadminton.com/player/77763/michelle-tam","63466, 77763"
1097,TPE / TPE,"CHEN Chi Ting, YEH Chiu Yu",-15,0 - 0,$11.25,550 / 1,"https://bwfbadminton.com/player/76994/chen-chi-ting,https://bwfbadminton.com/player/90502/yeh-chiu-yu","76994, 90502"
1097,TPE / TPE,"LU Chen, Wen Chi HSU",-15,0 - 0,$56.25,550 / 1,"https://bwfbadminton.com/player/60896/lu-chen,https://bwfbadminton.com/player/89583/wen-chi-hsu","60896, 89583"
1097,AUS / TPE,"Mitchell WHELLER, Shu Yu LIN",-15,0 - 0,$196.63,550 / 1,"https://bwfbadminton.com/player/70877/mitchell-wheller,https://bwfbadminton.com/player/84079/shu-yu-lin","70877, 84079"
1097,SRI / SRI,"Buwaneka GOONETHILLEKA, KAVIDI SIRIMANNAGE",-15,0 - 0,$54.37,550 / 1,"https://bwfbadminton.com/player/68845/buwaneka-goonethilleka,https://bwfbadminton.com/player/92656/kavidi-sirimannage","68845, 92656"
1097,SGP / SGP,"Jian Liang LEE, Ker'Sara KOH",-15,0 - 0,$0.00,550 / 1,"https://bwfbadminton.com/player/57598/jian-liang-lee,https://bwfbadminton.com/player/73653/ker-sara-koh","57598, 73653"
1097,SGP / SGP,"Keng Yin Royston LOH, Ming Hui LIM",-15,0 - 0,$0.00,550 / 1,"https://bwfbadminton.com/player/50228/keng-yin-royston-loh,https://bwfbadminton.com/player/67745/ming-hui-lim","50228, 67745"
1097,THA / THA,"Songsit PRINGPUANGKAEW, Walaiphan PATIMON",-15,0 - 0,$37.50,550 / 1,"https://bwfbadminton.com/player/81756/songsit-pringpuangkaew,https://bwfbadminton.com/player/92322/walaiphan-patimon","81756, 92322"
1097,THA / THA,"Pannawit THONGNUAM, Phanitta SANGKAWATANA",-15,0 - 0,$0.00,550 / 1,"https://bwfbadminton.com/player/80800/pannawit-thongnuam,https://bwfbadminton.com/player/81725/phanitta-sangkawatana","80800, 81725"
1097,SGP / SGP,"Wei Hong LEE, Jia Rong SITO",-15,0 - 0,$0.00,550 / 1,"https://bwfbadminton.com/player/78040/wei-hong-lee,https://bwfbadminton.com/player/63404/jia-rong-sito","78040, 63404"
1097,MAS / MAS,"Jinn Hwa TAN, Shen Yee TOO",-15,0 - 0,$18.76,550 / 1,"https://bwfbadminton.com/player/88277/jinn-hwa-tan,https://bwfbadminton.com/player/85579/shen-yee-too","88277, 85579"
1097,CAN / CAN,"Timothy CHIU, Josephine WU",-15,0 - 0,$190.30,550 / 1,"https://bwfbadminton.com/player/61666/timothy-chiu,https://bwfbadminton.com/player/86226/josephine-wu","61666, 86226"
1097,ISR / SCO,"Shai GEFFEN, Viktoria TSVETANOVA",-15,0 - 0,$0.00,550 / 1,"https://bwfbadminton.com/player/12998/shai-geffen,https://bwfbadminton.com/player/17910/viktoria-tsvetanova","12998, 17910"
1097,GRE / GRE,"Panagiotis SKARLATOS, Eleni PAPADOPOULOU",-15,0 - 0,$0.00,550 / 1,"https://bwfbadminton.com/player/13395/panagiotis-skarlatos,https://bwfbadminton.com/player/51782/eleni-papadopoulou","13395, 51782"
1097,TUR / TUR,"Ibrahim EKSI, Busra UNLU",-15,0 - 0,$0.00,550 / 1,"https://bwfbadminton.com/player/75551/ibrahim-eksi,https://bwfbadminton.com/player/63873/busra-unlu","75551, 63873"
1097,SLO / SLO,"Martin CERKOVNIK, Ema CIZELJ",-15,0 - 0,$0.00,550 / 1,"https://bwfbadminton.com/player/65359/martin-cerkovnik,https://bwfbadminton.com/player/74983/ema-cizelj","65359, 74983"
1097,CZE / CZE,"Jan SOMERLÍK, Tereza ŠVÁBÍKOVÁ",-15,0 - 0,$0.00,550 / 1,"https://bwfbadminton.com/player/93864/jan-somerlik,https://bwfbadminton.com/player/60397/tereza-%C5%A0vabikova","93864, 60397"
1097,TUR / TUR,"Mert TUNCO, Zehra ERDEM",-15,0 - 0,$0.00,550 / 1,"https://bwfbadminton.com/player/72258/mert-tunco,https://bwfbadminton.com/player/53095/zehra-erdem","72258, 53095"
1097,BLR / BLR,"Dzmitry KUZMITSKI, Julia BITSOUKOVA",-15,0 - 1,$0.00,550 / 1,"https://bwfbadminton.com/player/70866/dzmitry-kuzmitski,https://bwfbadminton.com/player/72961/julia-bitsoukova","70866, 72961"
1097,VIE / VIE,"BAO Minh, Thi Hoang Tam TRAN",-15,0 - 1,$46.88,550 / 1,"https://bwfbadminton.com/player/58193/bao-minh,https://bwfbadminton.com/player/99799/thi-hoang-tam-tran","58193, 99799"
1097,CUB / CUB,"Wandy Luis ROMAN GONZALEZ, Adaivis ROBINSON GARCIA",-15,0 - 1,$0.00,550 / 1,"https://bwfbadminton.com/player/97120/wandy-luis-roman-gonzalez,https://bwfbadminton.com/player/76576/adaivis-robinson-garcia","97120, 76576"
1097,CHN / CHN,"ZHOU Bo Wei, LIU Zidie",-15,3 - 1,$0.00,550 / 1,"https://bwfbadminton.com/player/60274/zhou-bo-wei,https://bwfbadminton.com/player/75624/liu-zidie","60274, 75624"
1097,UGA / UGA,"Joshua MUGULUMA, Labella NASASIRA",-15,0 - 1,$0.00,550 / 1,"https://bwfbadminton.com/player/61049/joshua-muguluma,https://bwfbadminton.com/player/86696/labella-nasasira","61049, 86696"
1097,NOR / NOR,"Karl ØDEGÅRD, Christiane DAHL NIELSEN",-15,0 - 2,$0.00,550 / 1,"https://bwfbadminton.com/player/96859/karl-%C3%98deg%C3%85rd,https://bwfbadminton.com/player/59220/christiane-dahl-nielsen","96859, 59220"
1097,NCL / NCL,"Ronan HO-YAGUES, Dgenyva MATAULI",-15,0 - 2,$0.00,550 / 1,"https://bwfbadminton.com/player/97933/ronan-ho-yagues,https://bwfbadminton.com/player/72934/dgenyva-matauli","97933, 72934"
1097,EGY / EGY,"Youssof Essam BAHNASY, Salmeen ESSAM ELSAID SALEM",-15,2 - 1,$0.00,550 / 1,"https://bwfbadminton.com/player/98070/youssof-essam-bahnasy,https://bwfbadminton.com/player/80420/salmeen-essam-elsaid-salem","98070, 80420"
1097,SUI / SUI,"Christophe DEBETAZ, Sarah GOLAY",-15,0 - 1,$0.00,550 / 1,"https://bwfbadminton.com/player/77982/christophe-debetaz,https://bwfbadminton.com/player/56972/sarah-golay","77982, 56972"
1097,VIE / VIE,"NGUYEN Phi Hung, TRAN Huynh Nhu Tuyet",-15,0 - 1,$18.76,550 / 1,"https://bwfbadminton.com/player/60604/nguyen-phi-hung,https://bwfbadminton.com/player/68800/tran-huynh-nhu-tuyet","60604, 68800"
1097,AUS / AUS,"Vincent Tak Meng FONG, Claudia LAM",-15,0 - 1,$43.12,550 / 1,"https://bwfbadminton.com/player/94812/vincent-tak-meng-fong,https://bwfbadminton.com/player/80376/claudia-lam","94812, 80376"
1097,INA / INA,"Aditya Muchlis WICAKSONO, Annisa MUBAROKAH",-15,0 - 1,$0.00,550 / 1,"https://bwfbadminton.com/player/79101/aditya-muchlis-wicaksono,https://bwfbadminton.com/player/63195/annisa-mubarokah","79101, 63195"
1097,UZB / BLR,"Artyom SAVATYUGIN, Alesia ZAITSAVA",-15,4 - 6,$982.11,550 / 1,"https://bwfbadminton.com/player/93127/artyom-savatyugin,https://bwfbadminton.com/player/52294/alesia-zaitsava","93127, 52294"
1097,TUR / TUR,"Oguzhan Mehmet CELIK, Selen GUNEY",-15,0 - 0,$0.00,550 / 1,"https://bwfbadminton.com/player/63604/oguzhan-mehmet-celik,https://bwfbadminton.com/player/74530/selen-guney","63604, 74530"
1097,FIN / FIN,"Mika KONGAS, Riikka SINKKO",-15,2 - 3,$0.00,550 / 1,"https://bwfbadminton.com/player/87512/mika-kongas,https://bwfbadminton.com/player/59844/riikka-sinkko","87512, 59844"
1097,LAT / LAT,"Niks PODOSINOVIKS, Jekaterina ROMANOVA",-15,0 - 0,$54.37,550 / 1,"https://bwfbadminton.com/player/89584/niks-podosinoviks,https://bwfbadminton.com/player/89697/jekaterina-romanova","89584, 89697"
1097,TUR / TUR,"Emre SONMEZ, Ilayda Nur OZELGUL",-15,0 - 0,$0.00,550 / 1,"https://bwfbadminton.com/player/87483/emre-sonmez,https://bwfbadminton.com/player/66567/ilayda-nur-ozelgul","87483, 66567"
1097,UGA / UGA,"Bruno MASAABA, Brenda AWOR",-15,2 - 2,$0.00,550 / 1,"https://bwfbadminton.com/player/82399/bruno-masaaba,https://bwfbadminton.com/player/23101/brenda-awor","82399, 23101"
1097,POR / POR,"Bruno CARVALHO, Sonia GONCALVES",-15,4 - 5,$0.00,550 / 1,"https://bwfbadminton.com/player/85224/bruno-carvalho,https://bwfbadminton.com/player/72489/sonia-goncalves","85224, 72489"
1097,TUR / TUR,"Murat SEN, Ebru YAZGAN",-15,0 - 0,$59.99,550 / 1,"https://bwfbadminton.com/player/52056/murat-sen,https://bwfbadminton.com/player/84902/ebru-yazgan","52056, 84902"
1097,AUS / AUS,"Cham CHEN, Melinda SUN",-15,0 - 0,$206.25,550 / 1,"https://bwfbadminton.com/player/72542/cham-chen,https://bwfbadminton.com/player/99445/melinda-sun","72542, 99445"
1240,INA / INA,"Satrya ADITHA, Mia MAWARTI",-14,0 - 0,$225.00,520 / 1,"https://bwfbadminton.com/player/95619/satrya-aditha,https://bwfbadminton.com/player/97080/mia-mawarti","95619, 97080"
1240,INA / INA,"Riky WIDIANTO, Nadya MELATI",-14,0 - 0,"$63,981.10",520 / 1,"https://bwfbadminton.com/player/54175/riky-widianto,https://bwfbadminton.com/player/52733/nadya-melati","54175, 52733"
1242,IND / GER,"Akshay DEWALKAR, Jennifer KARNOTT",-14,0 - 0,"$4,247.11",510 / 1,"https://bwfbadminton.com/player/55356/akshay-dewalkar,https://bwfbadminton.com/player/98292/jennifer-karnott","55356, 98292"
1242,AUT /  / AUT,"Dominik STIPSITS, Elisabeth BALDAUF",-14,0 - 0,"$3,972.98",510 / 1,"https://bwfbadminton.com/player/57556/dominik-stipsits,https://bwfbadminton.com/player/85440/elisabeth-baldauf","57556, 85440"
1242,VIE / VIE,"Trong Hung TRAN, Kim Ngan DANG",-14,0 - 0,$18.12,510 / 1,"https://bwfbadminton.com/player/62323/trong-hung-tran,https://bwfbadminton.com/player/58889/kim-ngan-dang","62323, 58889"
1242,CHN / CHN,"SONG Ziwei, Yuxin GUO",-14,0 - 0,$0.00,510 / 1,"https://bwfbadminton.com/player/81548/song-ziwei,https://bwfbadminton.com/player/77383/yuxin-guo","81548, 77383"
1242,THA / THA,"Kunlavut VITIDSARN, Phittayaporn CHAIWAN",-14,0 - 1,$0.00,510 / 1,"https://bwfbadminton.com/player/64032/kunlavut-vitidsarn,https://bwfbadminton.com/player/62301/phittayaporn-chaiwan","64032, 62301"
1247,CZE / CZE,"Michal HUBÁČEK, Monika SVETNICKOVA",-14,1 - 3,$0.00,440 / 3,"https://bwfbadminton.com/player/62068/michal-huba%C4%8Cek,https://bwfbadminton.com/player/58783/monika-svetnickova","62068, 58783"
1248,THA / THA,"Savitree AMITRAPAI, Dechapol PUAVARANUKROH",-14,0 - 0,"$64,317.08",431 / 1,"https://bwfbadminton.com/player/53582/savitree-amitrapai,https://bwfbadminton.com/player/61731/dechapol-puavaranukroh","53582, 61731"
1249,INA / AUS,"William HARDJONO, Chloe LEE",0,0 - 0,$0.00,430 / 1,"https://bwfbadminton.com/player/81377/william-hardjono,https://bwfbadminton.com/player/76767/chloe-lee","81377, 76767"
1249,AUS / AUS,"Raymond TAM, Elena Yee-Man KWOK",0,0 - 0,$249.37,430 / 1,"https://bwfbadminton.com/player/53725/raymond-tam,https://bwfbadminton.com/player/64877/elena-yee-man-kwok","53725, 64877"
1249,INA / INA,"Hiski RUMENGAN, Cynthia Shara AYUNIDHA",-14,0 - 0,$0.00,430 / 1,"https://bwfbadminton.com/player/88437/hiski-rumengan,https://bwfbadminton.com/player/96887/cynthia-shara-ayunidha","88437, 96887"
1249,INA / INA,"Androw YUNANTO, Rofahadah Supriadi PUTRI",-14,0 - 0,$0.00,430 / 1,"https://bwfbadminton.com/player/97427/androw-yunanto,https://bwfbadminton.com/player/97348/rofahadah-supriadi-putri","97427, 97348"
1249,IND / IND,"KONA Tarun, Arathi Sara SUNIL",-14,0 - 0,"$8,009.99",430 / 1,"https://bwfbadminton.com/player/78073/kona-tarun,https://bwfbadminton.com/player/97262/arathi-sara-sunil","78073, 97262"
1249,IND / IND,"VISHAL THAKRAN, Megha Morchana BORA",-14,0 - 0,$0.00,430 / 1,"https://bwfbadminton.com/player/62134/vishal-thakran,https://bwfbadminton.com/player/78494/megha-morchana-bora","62134, 78494"
1249,IND / IND,"Kapil CHAUDHARY, RIYA AROLKAR",-14,0 - 0,$0.00,430 / 1,"https://bwfbadminton.com/player/90539/kapil-chaudhary,https://bwfbadminton.com/player/96504/riya-arolkar","90539, 96504"
1249,INA /  / INA,"Ivandi DANANG, Cynthia Shara AYUNIDHA",-14,0 - 0,$0.00,430 / 1,"https://bwfbadminton.com/player/86766/ivandi-danang,https://bwfbadminton.com/player/96887/cynthia-shara-ayunidha","86766, 96887"
1249,INA / INA,"Androw YUNANTO, Ade Magnifiro KHASANAH",-14,0 - 0,$0.00,430 / 1,"https://bwfbadminton.com/player/97427/androw-yunanto,https://bwfbadminton.com/player/85252/ade-magnifiro-khasanah","97427, 85252"
1249,INA / INA,"Muhammad Reiza FAHLEPI, Zahra Mahria Rossedy PERMATA",-14,0 - 0,$0.00,430 / 1,"https://bwfbadminton.com/player/83042/muhammad-reiza-fahlepi,https://bwfbadminton.com/player/92126/zahra-mahria-rossedy-permata","83042, 92126"
1249,FRA / FRA,"Thomas VALLEZ, Vimala HERIAU",-14,0 - 0,$0.00,430 / 1,"https://bwfbadminton.com/player/61999/thomas-vallez,https://bwfbadminton.com/player/90317/vimala-heriau","61999, 90317"
1249,JPN / JPN,"Kohei GONDO, Sayaka HIROTA",-14,0 - 1,$105.00,430 / 1,"https://bwfbadminton.com/player/93569/kohei-gondo,https://bwfbadminton.com/player/94519/sayaka-hirota","93569, 94519"
1249,JPN / JPN,"Hikaru KOMACHIYA, Kaede KAMEDA",-14,0 - 2,$0.00,430 / 1,"https://bwfbadminton.com/player/92692/hikaru-komachiya,https://bwfbadminton.com/player/86045/kaede-kameda","92692, 86045"
1249,JPN / JPN,"Daisuke SUZUKI, Midori SAKURAI",-14,2 - 3,$56.24,430 / 1,"https://bwfbadminton.com/player/77851/daisuke-suzuki,https://bwfbadminton.com/player/16135/midori-sakurai","77851, 16135"
1249,JPN / JPN,"Naoki ISHIKAWA, Atsuko KOIKE",-14,2 - 2,$112.48,430 / 1,"https://bwfbadminton.com/player/89784/naoki-ishikawa,https://bwfbadminton.com/player/28548/atsuko-koike","89784, 28548"
1264,INA / INA,"Indra Leonard PRASETYA, Violita DEWI",-16,0 - 2,$0.00,420 / 2,"https://bwfbadminton.com/player/89315/indra-leonard-prasetya,https://bwfbadminton.com/player/63216/violita-dewi","89315, 63216"
1265,NGR / NGR,"Habeeb Temitope BELLO, Zainab MOMOH",-16,0 - 0,$0.00,360 / 2,"https://bwfbadminton.com/player/73154/habeeb-temitope-bello,https://bwfbadminton.com/player/63462/zainab-momoh","73154, 63462"
1266,TPE / TPE,"HU Chuan-En, CHANG Yu Hsuan",-16,0 - 0,$0.00,360 / 1,"https://bwfbadminton.com/player/93331/hu-chuan-en,https://bwfbadminton.com/player/77497/chang-yu-hsuan","93331, 77497"
1266,TPE / TPE,"WU Cheng-En, LIANG Chia-Wei",-16,0 - 0,$32.81,360 / 1,"https://bwfbadminton.com/player/50387/wu-cheng-en,https://bwfbadminton.com/player/75217/liang-chia-wei","50387, 75217"
1266,THA / THA,"Thanabodee SYNCHAROEN, Nuntakarn AIMSAARD",-16,0 - 0,$0.00,360 / 1,"https://bwfbadminton.com/player/84966/thanabodee-syncharoen,https://bwfbadminton.com/player/79198/nuntakarn-aimsaard","84966, 79198"
1266,INA /  / THA,"Irka Pratama YOSSA BAGUS, Pattaranan CHAMNAKTAN",-16,0 - 0,$46.24,360 / 1,"https://bwfbadminton.com/player/9060/irka-pratama-yossa-bagus,https://bwfbadminton.com/player/92123/pattaranan-chamnaktan","9060, 92123"
1266,THA / THA,"Kitti NA-SONGKHLA, Khanittha MUEANGDEE",-16,0 - 0,$0.00,360 / 1,"https://bwfbadminton.com/player/65929/kitti-na-songkhla,https://bwfbadminton.com/player/82631/khanittha-mueangdee","65929, 82631"
1266,THA / THA,"Kumpon SRIHONG, Suangsupa SUPPASANG",-16,0 - 0,$0.00,360 / 1,"https://bwfbadminton.com/player/97924/kumpon-srihong,https://bwfbadminton.com/player/87552/suangsupa-suppasang","97924, 87552"
1266,ZIM / ZIM,"Ashel DZIVA, Nyasha KOPOLO",-16,0 - 0,$0.00,360 / 1,"https://bwfbadminton.com/player/82585/ashel-dziva,https://bwfbadminton.com/player/79758/nyasha-kopolo","82585, 79758"
1266,ZAM / ZAM,"Rodrick MULENGA MWANSA, Ngandwe MIYAMBO",-16,0 - 0,$0.00,360 / 1,"https://bwfbadminton.com/player/77950/rodrick-mulenga-mwansa,https://bwfbadminton.com/player/35183/ngandwe-miyambo","77950, 35183"
1266,ZIM / ZIM,"Thabani MATHE, Kuzivakwashe Tritania MUDZAMIRI",-16,0 - 0,$0.00,360 / 1,"https://bwfbadminton.com/player/64088/thabani-mathe,https://bwfbadminton.com/player/57358/kuzivakwashe-tritania-mudzamiri","64088, 57358"
1266,MRI / MRI,"Melvin APPIAH, Ganesha MUNGRAH",-16,0 - 0,$0.00,360 / 1,"https://bwfbadminton.com/player/65648/melvin-appiah,https://bwfbadminton.com/player/74892/ganesha-mungrah","65648, 74892"
1266,POL / POL,"Marcin WNUK, Marta JEWTUCH",-16,0 - 0,$0.00,360 / 1,"https://bwfbadminton.com/player/83222/marcin-wnuk,https://bwfbadminton.com/player/88636/marta-jewtuch","83222, 88636"
1266,VIE / VIE,"Chi Duc NGUYEN, Thi Thu Minh NGUYEN",-16,0 - 0,$0.00,360 / 1,"https://bwfbadminton.com/player/93943/chi-duc-nguyen,https://bwfbadminton.com/player/76666/thi-thu-minh-nguyen","93943, 76666"
1266,THA / THA,"Keerati LIKITANURUCKS, Nipada PUNJAE",-16,0 - 0,$0.00,360 / 1,"https://bwfbadminton.com/player/76274/keerati-likitanurucks,https://bwfbadminton.com/player/78612/nipada-punjae","76274, 78612"
1266,TPE / TPE,"KUO Ching-Hung, CHEN Hsiang Ting",-16,0 - 0,$0.00,360 / 1,"https://bwfbadminton.com/player/76854/kuo-ching-hung,https://bwfbadminton.com/player/81360/chen-hsiang-ting","76854, 81360"
1266,CHN / CHN,"ZHAO Jian, JIANG Yujing",-16,0 - 0,$93.75,360 / 1,"https://bwfbadminton.com/player/72567/zhao-jian,https://bwfbadminton.com/player/93164/jiang-yujing","72567, 93164"
1266,VIE / VIE,"Ngoc Tuan Anh TRAN, Thi Trang HO",-16,0 - 0,$0.00,360 / 1,"https://bwfbadminton.com/player/93654/ngoc-tuan-anh-tran,https://bwfbadminton.com/player/79726/thi-trang-ho","93654, 79726"
1266,HUN / HUN,"Andras NEMETH, Reka SAROSI",-16,0 - 0,$0.00,360 / 1,"https://bwfbadminton.com/player/84588/andras-nemeth,https://bwfbadminton.com/player/75717/reka-sarosi","84588, 75717"
1266,ITA / ITA,"Wisnu Haryo PUTRO, Lisa IVERSEN",-16,0 - 0,$0.00,360 / 1,"https://bwfbadminton.com/player/54199/wisnu-haryo-putro,https://bwfbadminton.com/player/95837/lisa-iversen","54199, 95837"
1266,TPE / TPE,"LIAO Kuan Hao, CHANG Ya Lan",-16,0 - 0,"$2,716.24",360 / 1,"https://bwfbadminton.com/player/96645/liao-kuan-hao,https://bwfbadminton.com/player/14865/chang-ya-lan","96645, 14865"
1266,ISR / BUL,"Shai GEFFEN, Rumiana IVANOVA",-16,0 - 0,$5.62,360 / 1,"https://bwfbadminton.com/player/12998/shai-geffen,https://bwfbadminton.com/player/15098/rumiana-ivanova","12998, 15098"
1266,UKR / UKR,"Mykola MARTYNENKO, Yelyzaveta ZHARKA",-16,0 - 0,$594.00,360 / 1,"https://bwfbadminton.com/player/34022/mykola-martynenko,https://bwfbadminton.com/player/31614/yelyzaveta-zharka","34022, 31614"
1266,IND / IND,"Kirtesh DHINDHWAL, Anubha KAUSHIK",-16,0 - 0,$0.00,360 / 1,"https://bwfbadminton.com/player/86856/kirtesh-dhindhwal,https://bwfbadminton.com/player/76536/anubha-kaushik","86856, 76536"
1266,THA / THA,"Krit TANTIANANKUL, Nootprawee PROMDEJ",-16,0 - 0,$114.68,360 / 1,"https://bwfbadminton.com/player/82690/krit-tantianankul,https://bwfbadminton.com/player/75877/nootprawee-promdej","82690, 75877"
1266,SGP / SGP,"Ruisheng Jethro TAN, Yun LIANG",-16,0 - 0,$0.00,360 / 1,"https://bwfbadminton.com/player/60538/ruisheng-jethro-tan,https://bwfbadminton.com/player/60447/yun-liang","60538, 60447"
1266,NEP / NEP,"THAPA MAGAR Bijeet, Shova GAUCHAN",-16,0 - 0,$21.75,360 / 1,"https://bwfbadminton.com/player/84306/thapa-magar-bijeet,https://bwfbadminton.com/player/66959/shova-gauchan","84306, 66959"
1266,HUN / HUN,"Andras PILISZKY, Vivien SANDORHAZI",-16,0 - 0,$0.00,360 / 1,"https://bwfbadminton.com/player/57726/andras-piliszky,https://bwfbadminton.com/player/61949/vivien-sandorhazi","57726, 61949"
1266,DEN / DEN,"Jeppe BAY, Amalie MAGELUND",-16,0 - 0,$0.00,360 / 1,"https://bwfbadminton.com/player/69316/jeppe-bay,https://bwfbadminton.com/player/95643/amalie-magelund","69316, 95643"
1266,MRI / MRI,"Aatish LUBAH, Kobita DOOKHEE",-16,3 - 1,$0.00,360 / 1,"https://bwfbadminton.com/player/66071/aatish-lubah,https://bwfbadminton.com/player/62834/kobita-dookhee","66071, 62834"
1266,CAN / CAN,"Felix DEBLOIS-BEAUCAGE, Nadianie OUAQOUAQ-BERGERON",-16,0 - 0,$84.36,360 / 1,"https://bwfbadminton.com/player/86927/felix-deblois-beaucage,https://bwfbadminton.com/player/94938/nadianie-ouaqouaq-bergeron","86927, 94938"
1266,ENG / ENG,"Alex MARRITT, Cristen Elizabeth MARRITT",-16,0 - 0,$0.00,360 / 1,"https://bwfbadminton.com/player/90072/alex-marritt,https://bwfbadminton.com/player/62400/cristen-elizabeth-marritt","90072, 62400"
1266,ESP / ESP,"Eliecer OJEDA, Noelia JIMENEZ",-16,4 - 3,$0.00,360 / 1,"https://bwfbadminton.com/player/54321/eliecer-ojeda,https://bwfbadminton.com/player/54646/noelia-jimenez","54321, 54646"
1297,EST / EST,"Karl-Rasmus PUNGAS, Mari Ann KARJUS",-16,0 - 0,$0.00,350 / 1,"https://bwfbadminton.com/player/73926/karl-rasmus-pungas,https://bwfbadminton.com/player/62746/mari-ann-karjus","73926, 62746"
1297,NOR / NOR,"Vegard RIKHEIM, Marie CHRISTENSEN",-16,0 - 0,$0.00,350 / 1,"https://bwfbadminton.com/player/79189/vegard-rikheim,https://bwfbadminton.com/player/83125/marie-christensen","79189, 83125"
1297,SWE / SWE,"Carl HARRBACKA, Tilda SJOO",-16,0 - 0,$0.00,350 / 1,"https://bwfbadminton.com/player/90406/carl-harrbacka,https://bwfbadminton.com/player/60603/tilda-sjoo","90406, 60603"
1297,POL / POL,"Adam SZOLC, Wiktoria ADAMEK",-16,0 - 0,$0.00,350 / 1,"https://bwfbadminton.com/player/78532/adam-szolc,https://bwfbadminton.com/player/76089/wiktoria-adamek","78532, 76089"
1297,POL / POL,"Adam SZOLC, Wiktoria ADAMEK",-16,0 - 0,$0.00,350 / 1,"https://bwfbadminton.com/player/78532/adam-szolc,https://bwfbadminton.com/player/76089/wiktoria-adamek","78532, 76089"
1297,EST / EST,"Karl KIVINURM, Melissa MAZURTSAK",-16,0 - 0,$0.00,350 / 1,"https://bwfbadminton.com/player/14667/karl-kivinurm,https://bwfbadminton.com/player/88771/melissa-mazurtsak","14667, 88771"
1297,SWE / SWE,"Oskar JOHANSSON, Lovisa JOHANSSON",-16,0 - 0,$0.00,350 / 1,"https://bwfbadminton.com/player/60640/oskar-johansson,https://bwfbadminton.com/player/66469/lovisa-johansson","60640, 66469"
1297,ENG / ENG,"Mark LAW, Gemma WHITING",-16,0 - 0,$0.00,350 / 1,"https://bwfbadminton.com/player/73277/mark-law,https://bwfbadminton.com/player/65664/gemma-whiting","73277, 65664"
1297,SWE / SWE,"Emil JOHANSSON, Maria PERSSON",-16,0 - 0,$0.00,350 / 1,"https://bwfbadminton.com/player/64649/emil-johansson,https://bwfbadminton.com/player/57961/maria-persson","64649, 57961"
1297,FRA / FRA,"William VILLEGER, Marig BROUXEL",-16,0 - 0,$0.00,350 / 1,"https://bwfbadminton.com/player/88264/william-villeger,https://bwfbadminton.com/player/83895/marig-brouxel","88264, 83895"
1297,ROU / ROU,"Florentin GISCA, Ioana IONICA",-16,0 - 0,$0.00,350 / 1,"https://bwfbadminton.com/player/99209/florentin-gisca,https://bwfbadminton.com/player/67549/ioana-ionica","99209, 67549"
1297,ROU /  / ROU,"Daniel POPESCU, Alexandra SOARE",-16,0 - 0,$0.00,350 / 1,"https://bwfbadminton.com/player/85544/daniel-popescu,https://bwfbadminton.com/player/85113/alexandra-soare","85544, 85113"
1297,ROU / ROU,"Stefan Florin FORTON, Cristina SOARE",-16,0 - 0,$0.00,350 / 1,"https://bwfbadminton.com/player/62217/stefan-florin-forton,https://bwfbadminton.com/player/67914/cristina-soare","62217, 67914"
1297,ROU / ROU,"Paul HARANGUS, Alexandra HARANGUS",-16,0 - 0,$0.00,350 / 1,"https://bwfbadminton.com/player/76500/paul-harangus,https://bwfbadminton.com/player/82646/alexandra-harangus","76500, 82646"
1297,ROU / ROU,"GROSU Mihai, Luiza MILU",-16,0 - 0,$0.00,350 / 1,"https://bwfbadminton.com/player/56855/grosu-mihai,https://bwfbadminton.com/player/78038/luiza-milu","56855, 78038"
1297,CYP / GRE,"Andreas IOANNOU, Ioanna KARAPETRIDOU",-16,0 - 0,$0.00,350 / 1,"https://bwfbadminton.com/player/60647/andreas-ioannou,https://bwfbadminton.com/player/76408/ioanna-karapetridou","60647, 76408"
1297,GRE / GRE,"Georgios Orfeas TSAMOUSIADIS, Theodora LAMBRIANIDOU",-16,0 - 0,$0.00,350 / 1,"https://bwfbadminton.com/player/96731/georgios-orfeas-tsamousiadis,https://bwfbadminton.com/player/59788/theodora-lambrianidou","96731, 59788"
1297,BUL / BUL,"Danail BALKANSKI, Mihaela CHOLAKOVA",-16,0 - 0,$0.00,350 / 1,"https://bwfbadminton.com/player/99441/danail-balkanski,https://bwfbadminton.com/player/65016/mihaela-cholakova","99441, 65016"
1297,GRE / GRE,"Axilleas TSARTSIDIS, Aikaterini PARISI",-16,0 - 0,$0.00,350 / 1,"https://bwfbadminton.com/player/87745/axilleas-tsartsidis,https://bwfbadminton.com/player/98109/aikaterini-parisi","87745, 98109"
1297,ROU / ROU,"Daniel POPESCU, Luiza MILU",-16,0 - 0,$0.00,350 / 1,"https://bwfbadminton.com/player/85544/daniel-popescu,https://bwfbadminton.com/player/78038/luiza-milu","85544, 78038"
1297,DEN / DEN,"Frederik SANGTONG, Amalie A. FRIHAGEN",-16,0 - 0,$0.00,350 / 1,"https://bwfbadminton.com/player/75028/frederik-sangtong,https://bwfbadminton.com/player/83241/amalie-a-frihagen","75028, 83241"
1297,SUI / SUI,"Timon SCHWARZ, Celine DAGELET",-16,0 - 0,$0.00,350 / 1,"https://bwfbadminton.com/player/77009/timon-schwarz,https://bwfbadminton.com/player/64840/celine-dagelet","77009, 64840"
1297,ISL /  / ISL,"David Bjarni BJORNSSON, Thorunn EYLANDS",-16,0 - 0,$0.00,350 / 1,"https://bwfbadminton.com/player/85707/david-bjarni-bjornsson,https://bwfbadminton.com/player/81558/thorunn-eylands","85707, 81558"
1297,ISL / ISL,"Eidur Isak BRODDASON, Andrea NILSDOTTIR",-16,0 - 0,$0.00,350 / 1,"https://bwfbadminton.com/player/61426/eidur-isak-broddason,https://bwfbadminton.com/player/96864/andrea-nilsdottir","61426, 96864"
1297,ISL / ISL,"David Bjarni BJORNSSON, Sigridur ARNADOTTIR",-16,0 - 0,$0.00,350 / 1,"https://bwfbadminton.com/player/85707/david-bjarni-bjornsson,https://bwfbadminton.com/player/69993/sigridur-arnadottir","85707, 69993"
1297,GRE / GRE,"Paschalis MELIKIDIS, Eleni MELIKIDOU",-16,1 - 1,$0.00,350 / 1,"https://bwfbadminton.com/player/64377/paschalis-melikidis,https://bwfbadminton.com/player/59820/eleni-melikidou","64377, 59820"
1297,SUI / SUI,"Silvan FURRER, Celine DAGELET",-16,0 - 0,$0.00,350 / 1,"https://bwfbadminton.com/player/85823/silvan-furrer,https://bwfbadminton.com/player/64840/celine-dagelet","85823, 64840"
1297,SLO / SLO,"Martin CERKOVNIK, Iza SALEHAR",-16,0 - 0,$0.00,350 / 1,"https://bwfbadminton.com/player/65359/martin-cerkovnik,https://bwfbadminton.com/player/84389/iza-salehar","65359, 84389"
1297,BLR / BLR,"Vladzislav KUSHNIR, Kristina SILICH",-16,5 - 8,$72.00,350 / 1,"https://bwfbadminton.com/player/68484/vladzislav-kushnir,https://bwfbadminton.com/player/63639/kristina-silich","68484, 63639"
1297,NOR / NOR,"Fredrik KRISTENSEN, Natalie SYVERTSEN",-16,2 - 13,$0.00,350 / 1,"https://bwfbadminton.com/player/59716/fredrik-kristensen,https://bwfbadminton.com/player/67759/natalie-syvertsen","59716, 67759"
1297,NOR / NOR,"Sturla Flaten JOERGENSEN, Solvår flåten JOERGENSEN",-16,0 - 9,$0.00,350 / 1,"https://bwfbadminton.com/player/99689/sturla-flaten-joergensen,https://bwfbadminton.com/player/93983/solvar-flaten-joergensen","99689, 93983"
1297,ROU / ROU,"Mircea VASIU, Emanuela AVRAMUT",-16,0 - 0,$0.00,350 / 1,"https://bwfbadminton.com/player/55758/mircea-vasiu,https://bwfbadminton.com/player/53272/emanuela-avramut","55758, 53272"
1329,CRO / CRO,"Josip UGLESIC, Katarina GALENIC",-16,1 - 5,$0.00,340 / 2,"https://bwfbadminton.com/player/90812/josip-uglesic,https://bwfbadminton.com/player/96569/katarina-galenic","90812, 96569"
1330,INA / INA,"Androw YUNANTO, Vioni FLORENCYA",-16,0 - 0,$0.00,320 / 1,"https://bwfbadminton.com/player/97427/androw-yunanto,https://bwfbadminton.com/player/96717/vioni-florencya","97427, 96717"
1330,INA / INA,"Hendrik K CLINTON, Aprilsasi Putri LEJARSAR VARIELLA",-16,0 - 0,"$1,764.37",320 / 1,"https://bwfbadminton.com/player/66213/hendrik-k-clinton,https://bwfbadminton.com/player/28745/aprilsasi-putri-lejarsar-variella","66213, 28745"
1330,SUI / SUI,"Andreas ZBINDEN, Nadia FANKHAUSER",-16,0 - 0,$0.00,320 / 1,"https://bwfbadminton.com/player/91719/andreas-zbinden,https://bwfbadminton.com/player/81375/nadia-fankhauser","91719, 81375"
1330,GER / GER,"Daniel HESS, Cisita Joity JANSEN",-16,0 - 0,$950.11,320 / 1,"https://bwfbadminton.com/player/63389/daniel-hess,https://bwfbadminton.com/player/66977/cisita-joity-jansen","63389, 66977"
1330,THA / THA,"Kumpon SRIHONG, Suphapich SILPRAKOB",-16,0 - 0,$0.00,320 / 1,"https://bwfbadminton.com/player/97924/kumpon-srihong,https://bwfbadminton.com/player/94650/suphapich-silprakob","97924, 94650"
1330,INA / INA,"Ragawa Tamasuta AYODYA, Aghisna Fathkul LAILI",-16,0 - 0,$225.00,320 / 1,"https://bwfbadminton.com/player/50530/ragawa-tamasuta-ayodya,https://bwfbadminton.com/player/67947/aghisna-fathkul-laili","50530, 67947"
1330,INA / INA,"Ramadhani AKBAR GUSTI, Rofahadah Supriadi PUTRI",-16,0 - 0,$28.12,320 / 1,"https://bwfbadminton.com/player/55918/ramadhani-akbar-gusti,https://bwfbadminton.com/player/97348/rofahadah-supriadi-putri","55918, 97348"
1330,THA / THA,"Tanakrit CHOKTHANAKUNCHAI, Walaiphan PATIMON",-16,0 - 0,$37.50,320 / 1,"https://bwfbadminton.com/player/70841/tanakrit-chokthanakunchai,https://bwfbadminton.com/player/92322/walaiphan-patimon","70841, 92322"
1330,THA / THA,"Tanawat TOPATTANAKUL, Supissara PAEWSAMPRAN",-16,0 - 0,$0.00,320 / 1,"https://bwfbadminton.com/player/63622/tanawat-topattanakul,https://bwfbadminton.com/player/74980/supissara-paewsampran","63622, 74980"
1330,IND / IND,"Anubhav SAXENA, Shraddha SRIVASTAVA",-16,0 - 0,$0.00,320 / 1,"https://bwfbadminton.com/player/72303/anubhav-saxena,https://bwfbadminton.com/player/58264/shraddha-srivastava","72303, 58264"
1330,IND / IND,"Ankur DHIMAN, Rupal ANAND",-16,0 - 0,$0.00,320 / 1,"https://bwfbadminton.com/player/94148/ankur-dhiman,https://bwfbadminton.com/player/76783/rupal-anand","94148, 76783"
1330,IND / IND,"S. Sanjeeth, Saumya SINGH",-16,0 - 0,$0.00,320 / 1,"https://bwfbadminton.com/player/82724/s-sanjeeth,https://bwfbadminton.com/player/73691/saumya-singh","82724, 73691"
1330,IND / IND,"Nishant DUA, Anamika KASHYAP",-16,0 - 0,$0.00,320 / 1,"https://bwfbadminton.com/player/68902/nishant-dua,https://bwfbadminton.com/player/57997/anamika-kashyap","68902, 57997"
1330,IND / IND,"Utkarsh CHOUDHARY, Anusha GOEL",-16,0 - 0,$0.00,320 / 1,"https://bwfbadminton.com/player/78090/utkarsh-choudhary,https://bwfbadminton.com/player/88837/anusha-goel","78090, 88837"
1330,MAS / THA,"IAN WONG Jien Sern, Chasinee KOREPAP",-16,0 - 0,$288.44,320 / 1,"https://bwfbadminton.com/player/80831/ian-wong-jien-sern,https://bwfbadminton.com/player/71801/chasinee-korepap","80831, 71801"
1330,INA / INA,"Willian ASTAN, Debora Rumate VEHRENICA",-16,0 - 0,$0.00,320 / 1,"https://bwfbadminton.com/player/61366/willian-astan,https://bwfbadminton.com/player/70481/debora-rumate-vehrenica","61366, 70481"
1330,IND / IND,"Balasubramannian NARENDRAN GEETHA, Haritha MANAZHIYIL HARINARAYANAN",-16,0 - 0,$0.00,320 / 1,"https://bwfbadminton.com/player/85830/balasubramannian-narendran-geetha,https://bwfbadminton.com/player/59455/haritha-manazhiyil-harinarayanan","85830, 59455"
1330,INA / INA,"Muhammad HADIYAT M, Erlina KURNIANTI",-16,0 - 0,$262.50,320 / 1,"https://bwfbadminton.com/player/70152/muhammad-hadiyat-m,https://bwfbadminton.com/player/82777/erlina-kurnianti","70152, 82777"
1330,KOR / KOR,"HAN Sang Hoon, Min Kyung KIM",-16,0 - 0,"$14,520.62",320 / 1,"https://bwfbadminton.com/player/15414/han-sang-hoon,https://bwfbadminton.com/player/56071/min-kyung-kim","15414, 56071"
1330,KOR / KOR,"NA Sung Seung, Se Eun KIM",-16,0 - 0,$0.00,320 / 1,"https://bwfbadminton.com/player/82502/na-sung-seung,https://bwfbadminton.com/player/77642/se-eun-kim","82502, 77642"
1330,KOR / KOR,"Hak Beom LEE, KIM Min Ji",-16,0 - 0,$0.00,320 / 1,"https://bwfbadminton.com/player/73289/hak-beom-lee,https://bwfbadminton.com/player/57992/kim-min-ji","73289, 57992"
1330,THA / THA,"Piyapat WANNALEE, Thanapim KAWEENUNTAVONG",-16,0 - 0,$0.00,320 / 1,"https://bwfbadminton.com/player/76040/piyapat-wannalee,https://bwfbadminton.com/player/67709/thanapim-kaweenuntavong","76040, 67709"
1330,INA / INA,"Alfansyah Yunus MUHAMMAD YUSRIL, Esterrina AGUS",-16,0 - 0,$0.00,320 / 1,"https://bwfbadminton.com/player/65732/alfansyah-yunus-muhammad-yusril,https://bwfbadminton.com/player/58909/esterrina-agus","65732, 58909"
1330,INA / INA,"Galang DECKY RAMADHAN, Zahra Mahria Rossedy PERMATA",-16,0 - 0,$18.75,320 / 1,"https://bwfbadminton.com/player/94481/galang-decky-ramadhan,https://bwfbadminton.com/player/92126/zahra-mahria-rossedy-permata","94481, 92126"
1330,INA / INA,"Muhammad Reiza FAHLEPI, Novi INDRIANI",-16,0 - 0,$0.00,320 / 1,"https://bwfbadminton.com/player/83042/muhammad-reiza-fahlepi,https://bwfbadminton.com/player/71007/novi-indriani","83042, 71007"
1330,INA / INA,"Ivandi DANANG, Debora Rumate VEHRENICA",-16,0 - 0,$0.00,320 / 1,"https://bwfbadminton.com/player/86766/ivandi-danang,https://bwfbadminton.com/player/70481/debora-rumate-vehrenica","86766, 70481"
1330,KOR / KOR,"Deok Young KIM, KONG Heeyong",-16,0 - 1,"$1,913.12",320 / 1,"https://bwfbadminton.com/player/89568/deok-young-kim,https://bwfbadminton.com/player/71391/kong-heeyong","89568, 71391"
1330,TPE / TPE,"TSAI Cheng Ling, LU Yi Chun",-16,0 - 1,$279.37,320 / 1,"https://bwfbadminton.com/player/98176/tsai-cheng-ling,https://bwfbadminton.com/player/86037/lu-yi-chun","98176, 86037"
1330,KOR / KOR,"KIM Jaehwan, KIM Ji Won",-16,0 - 2,"$2,221.87",320 / 1,"https://bwfbadminton.com/player/77618/kim-jaehwan,https://bwfbadminton.com/player/76249/kim-ji-won","77618, 76249"
1330,RUS / RUS,"Konstantin ABRAMOV, Anastasiia AKCHURINA",-16,0 - 1,"$1,480.63",320 / 1,"https://bwfbadminton.com/player/60635/konstantin-abramov,https://bwfbadminton.com/player/33989/anastasiia-akchurina","60635, 33989"
1330,SUI / SUI,"Kyrill SCHAFFLUETZEL, Sabrina ANGEHRN",-16,0 - 1,$0.00,320 / 1,"https://bwfbadminton.com/player/89306/kyrill-schaffluetzel,https://bwfbadminton.com/player/63629/sabrina-angehrn","89306, 63629"
1361,CHN / CHN,"CHEN Qing Chen, ZHANG Nan",-16,0 - 0,"$790,350.62",315 / 1,"https://bwfbadminton.com/player/94125/chen-qing-chen,https://bwfbadminton.com/player/35357/zhang-nan","94125, 35357"
1362,POL / POL,"Patryk KOPEC, Wiktoria ADAMEK",-16,0 - 0,$0.00,270 / 2,"https://bwfbadminton.com/player/62766/patryk-kopec,https://bwfbadminton.com/player/76089/wiktoria-adamek","62766, 76089"
1362,POL / POL,"Adam SZOLC, Wiktoria DABCZYNSKA",-16,0 - 0,$0.00,270 / 2,"https://bwfbadminton.com/player/78532/adam-szolc,https://bwfbadminton.com/player/84178/wiktoria-dabczynska","78532, 84178"
1362,CRO / CRO,"Filip JAGAR, Lucija BUCHBERGER",-16,0 - 1,$0.00,270 / 2,"https://bwfbadminton.com/player/91139/filip-jagar,https://bwfbadminton.com/player/68351/lucija-buchberger","91139, 68351"
1362,POR / POR,"Bernardo ATILANO, Mariana CHANG",-16,2 - 1,$0.00,270 / 2,"https://bwfbadminton.com/player/83597/bernardo-atilano,https://bwfbadminton.com/player/90777/mariana-chang","83597, 90777"
1366,ENG / HKG,"Max FLYNN, HUANG Wun Yan",-16,0 - 0,$0.00,240 / 1,"https://bwfbadminton.com/player/62199/max-flynn,https://bwfbadminton.com/player/98740/huang-wun-yan","62199, 98740"
1366,ENG / ENG,"Martin DRABBLE, Til'Shiloh SHAW",-16,0 - 0,$0.00,240 / 1,"https://bwfbadminton.com/player/80642/martin-drabble,https://bwfbadminton.com/player/74239/til-shiloh-shaw","80642, 74239"
1366,THA / THA,"Saran JAMSRI, Chananchida JUCHAROEN",-16,0 - 0,$0.00,240 / 1,"https://bwfbadminton.com/player/89690/saran-jamsri,https://bwfbadminton.com/player/83013/chananchida-jucharoen","89690, 83013"
1366,SGP / SGP,"LOH Kean Hean, Putri Sari Dewi CITRA",-16,0 - 1,"$1,002.49",240 / 1,"https://bwfbadminton.com/player/85184/loh-kean-hean,https://bwfbadminton.com/player/90662/putri-sari-dewi-citra","85184, 90662"
1366,ENG / ENG,"David KING, Nicola GRESTY",-16,0 - 0,$0.00,240 / 1,"https://bwfbadminton.com/player/96695/david-king,https://bwfbadminton.com/player/72186/nicola-gresty","96695, 72186"
1366,THA / THA,"Pacharapol NIPORNRAM, Ruethaichanok LAISUAN",-16,2 - 3,$176.24,240 / 1,"https://bwfbadminton.com/player/74144/pacharapol-nipornram,https://bwfbadminton.com/player/96990/ruethaichanok-laisuan","74144, 96990"
1372,UKR / UKR,"Ivan DRUZCHENKO, Yevgeniya PAKSYUTOVA",-16,0 - 2,$0.00,230 / 2,"https://bwfbadminton.com/player/69483/ivan-druzchenko,https://bwfbadminton.com/player/71783/yevgeniya-paksyutova","69483, 71783"
1372,UKR / UKR,"DANYLO BOSNIUK, Maryna ILYINSKAYA",-16,0 - 1,$0.00,230 / 2,"https://bwfbadminton.com/player/58328/danylo-bosniuk,https://bwfbadminton.com/player/64424/maryna-ilyinskaya","58328, 64424"
1374,AUT / AUT,"Jakob SORGER, Serena AU YEONG",-16,0 - 0,$0.00,210 / 1,"https://bwfbadminton.com/player/71856/jakob-sorger,https://bwfbadminton.com/player/75414/serena-au-yeong","71856, 75414"
1374,INA / INA,"Abhinaya Rakan ADIRA, Dara Sri YULIANI",-16,0 - 0,$0.00,210 / 1,"https://bwfbadminton.com/player/94382/abhinaya-rakan-adira,https://bwfbadminton.com/player/56047/dara-sri-yuliani","94382, 56047"
1374,INA /  / INA,"Renaldi SAMOSIR, Hediana JULIMARBELA",-16,0 - 0,$0.00,210 / 1,"https://bwfbadminton.com/player/83933/renaldi-samosir,https://bwfbadminton.com/player/94834/hediana-julimarbela","83933, 94834"
1374,SWE / SWE,"Patrick LUNDQVIST, Berfin ASLAN",-16,0 - 0,$0.00,210 / 1,"https://bwfbadminton.com/player/42648/patrick-lundqvist,https://bwfbadminton.com/player/73322/berfin-aslan","42648, 73322"
1374,DEN / DEN,"Tobias HOLST, Mathilde BJERGEN",-16,0 - 0,$0.00,210 / 1,"https://bwfbadminton.com/player/59092/tobias-holst,https://bwfbadminton.com/player/87050/mathilde-bjergen","59092, 87050"
1374,DEN / DEN,"Søren TOFT, Line FLEISCHER",-16,0 - 0,$500.00,210 / 1,"https://bwfbadminton.com/player/94838/soren-toft,https://bwfbadminton.com/player/57995/line-fleischer","94838, 57995"
1374,POL / POL,"Aleksander JABLONSKI, Kornelia MARCZAK",-16,0 - 0,$0.00,210 / 1,"https://bwfbadminton.com/player/56225/aleksander-jablonski,https://bwfbadminton.com/player/77380/kornelia-marczak","56225, 77380"
1374,KAZ / KAZ,"Dmitriy PANARIN, Yelizaveta KHARCHENKO",-16,0 - 0,$9.38,210 / 1,"https://bwfbadminton.com/player/82989/dmitriy-panarin,https://bwfbadminton.com/player/97518/yelizaveta-kharchenko","82989, 97518"
1374,BUL / BUL,"Philip SHISHOV, Dimitria POPSTOIKOVA",-16,0 - 0,$21.00,210 / 1,"https://bwfbadminton.com/player/55292/philip-shishov,https://bwfbadminton.com/player/53891/dimitria-popstoikova","55292, 53891"
1374,BUL / BUL,"Sarkis AGOPYAN, Mila IVANOVA",-16,0 - 0,$0.00,210 / 1,"https://bwfbadminton.com/player/55205/sarkis-agopyan,https://bwfbadminton.com/player/94913/mila-ivanova","55205, 94913"
1374,SLO / SLO,"Andraz KRAPEZ, Ana Marija SETINA",-16,0 - 0,$0.00,210 / 1,"https://bwfbadminton.com/player/98248/andraz-krapez,https://bwfbadminton.com/player/81419/ana-marija-setina","98248, 81419"
1374,SWE / SWE,"Jonatan NORDH, Amanda WALLIN",-16,0 - 0,"$1,913.25",210 / 1,"https://bwfbadminton.com/player/77099/jonatan-nordh,https://bwfbadminton.com/player/98348/amanda-wallin","77099, 98348"
1386,NED / NED,"Ruben JILLE, Cheryl SEINEN",-16,0 - 0,"$2,961.12",180 / 1,"https://bwfbadminton.com/player/93858/ruben-jille,https://bwfbadminton.com/player/70503/cheryl-seinen","93858, 70503"
1387,TPE / TPE,"Ming Che LU, CHENG Yu-Pei",-16,0 - 0,$32.81,170 / 1,"https://bwfbadminton.com/player/58986/ming-che-lu,https://bwfbadminton.com/player/67789/cheng-yu-pei","58986, 67789"
1387,TPE / TPE,"SU Li  Wei, LIN Hsiang Ti",-16,0 - 0,$0.00,170 / 1,"https://bwfbadminton.com/player/87454/su-li-wei,https://bwfbadminton.com/player/96725/lin-hsiang-ti","87454, 96725"
1387,ESP / ESP,"Enrique PANCORBO, NATALIA RODRIGUEZ",-16,0 - 0,$0.00,170 / 1,"https://bwfbadminton.com/player/67587/enrique-pancorbo,https://bwfbadminton.com/player/97874/natalia-rodriguez","67587, 97874"
1387,TPE / TPE,"YE Hong Wei, HUANG Yin Hsuan",-16,0 - 0,$0.00,170 / 1,"https://bwfbadminton.com/player/81108/ye-hong-wei,https://bwfbadminton.com/player/98445/huang-yin-hsuan","81108, 98445"
1387,ESP / ESP,"Andoni AZURMENDI MORENO, NEREA DIAZ",-16,0 - 0,$0.00,170 / 1,"https://bwfbadminton.com/player/73189/andoni-azurmendi-moreno,https://bwfbadminton.com/player/77536/nerea-diaz","73189, 77536"
1387,TPE / TPE,"SU Li  Yang, HSIEH Yu Ying",-16,0 - 0,$0.00,170 / 1,"https://bwfbadminton.com/player/94397/su-li-yang,https://bwfbadminton.com/player/76780/hsieh-yu-ying","94397, 76780"
1387,FRA / NED,"Mathieu GANGLOFF, Debora JILLE",-16,0 - 0,$0.00,170 / 1,"https://bwfbadminton.com/player/61403/mathieu-gangloff,https://bwfbadminton.com/player/67373/debora-jille","61403, 67373"
1387,GER / GER,"Jonathan PERSSON, Kilasu OSTERMEYER",-16,0 - 0,$681.86,170 / 1,"https://bwfbadminton.com/player/60652/jonathan-persson,https://bwfbadminton.com/player/74944/kilasu-ostermeyer","60652, 74944"
1387,FRA / FRA,"Lecerf CORENTIN, Meline METAIREAU",-16,0 - 0,$0.00,170 / 1,"https://bwfbadminton.com/player/71410/lecerf-corentin,https://bwfbadminton.com/player/89453/meline-metaireau","71410, 89453"
1387,POL / POL,"Konrad PLOCH, Katarzyna KUTACHA",-16,0 - 0,$0.00,170 / 1,"https://bwfbadminton.com/player/80248/konrad-ploch,https://bwfbadminton.com/player/50330/katarzyna-kutacha","80248, 50330"
1387,UKR / UKR,"Volodymyr ROZHKOV, POTAPENKO Tetyana",-16,0 - 0,$0.00,170 / 1,"https://bwfbadminton.com/player/80734/volodymyr-rozhkov,https://bwfbadminton.com/player/31722/potapenko-tetyana","80734, 31722"
1387,GER / POL,"Saruul SHAFIQ, Olga MIKSZA",-16,0 - 0,$0.00,170 / 1,"https://bwfbadminton.com/player/90031/saruul-shafiq,https://bwfbadminton.com/player/64322/olga-miksza","90031, 64322"
1387,POL / POL,"Aleksander JABLONSKI, Izabela PAJEK",-16,0 - 0,$0.00,170 / 1,"https://bwfbadminton.com/player/56225/aleksander-jablonski,https://bwfbadminton.com/player/84695/izabela-pajek","56225, 84695"
1387,AUT / AUT,"Jakob SORGER, Natalie HERBST",-16,0 - 0,$0.00,170 / 1,"https://bwfbadminton.com/player/71856/jakob-sorger,https://bwfbadminton.com/player/86858/natalie-herbst","71856, 86858"
1387,AUT / AUT,"Jakob SORGER, Natalie HERBST",-16,0 - 0,$0.00,170 / 1,"https://bwfbadminton.com/player/71856/jakob-sorger,https://bwfbadminton.com/player/86858/natalie-herbst","71856, 86858"
1387,SUI / SUI,"Manuel MANCA, Sabrina ANGEHRN",-16,0 - 0,$0.00,170 / 1,"https://bwfbadminton.com/player/77468/manuel-manca,https://bwfbadminton.com/player/63629/sabrina-angehrn","77468, 63629"
1387,FRA / FRA,"Vanmael HERIAU, Vimala HERIAU",-16,0 - 0,$0.00,170 / 1,"https://bwfbadminton.com/player/76624/vanmael-heriau,https://bwfbadminton.com/player/90317/vimala-heriau","76624, 90317"
1387,IRL / IRL,"Brian O'MAHONY, Beth STEPHENSON",-16,0 - 0,$0.00,170 / 1,"https://bwfbadminton.com/player/99200/brian-o-mahony,https://bwfbadminton.com/player/69880/beth-stephenson","99200, 69880"
1387,IRL / IRL,"David WALSH, Jennie KING",-16,0 - 0,$0.00,170 / 1,"https://bwfbadminton.com/player/93747/david-walsh,https://bwfbadminton.com/player/51991/jennie-king","93747, 51991"
1387,ENG / ENG,"WANG Yuehang, Tiara SAMUEL",-16,0 - 0,$0.00,170 / 1,"https://bwfbadminton.com/player/56990/wang-yuehang,https://bwfbadminton.com/player/77931/tiara-samuel","56990, 77931"
1387,ENG / ENG,"Nathan ROSSITER, Emily ROBINSON",-16,0 - 0,$0.00,170 / 1,"https://bwfbadminton.com/player/78042/nathan-rossiter,https://bwfbadminton.com/player/78541/emily-robinson","78042, 78541"
1387,SWE /  / ENG,"Richard KUHL, Zoe KING",-16,0 - 0,$0.00,170 / 1,"https://bwfbadminton.com/player/60496/richard-kuhl,https://bwfbadminton.com/player/99350/zoe-king","60496, 99350"
1387,ENG / ENG,"Chris WILLIAMS, Asmita CHAUDHARI",-16,0 - 0,$0.00,170 / 1,"https://bwfbadminton.com/player/71345/chris-williams,https://bwfbadminton.com/player/93897/asmita-chaudhari","71345, 93897"
1387,DEN / SWE,"Mathias WEBER ESTRUP, Louise ERIKSSON",-16,0 - 0,$0.00,170 / 1,"https://bwfbadminton.com/player/95050/mathias-weber-estrup,https://bwfbadminton.com/player/54312/louise-eriksson","95050, 54312"
1387,DEN / DEN,"Steve OLESEN, Josephine VAN ZAANE",-16,0 - 0,$0.00,170 / 1,"https://bwfbadminton.com/player/84444/steve-olesen,https://bwfbadminton.com/player/85041/josephine-van-zaane","84444, 85041"
1387,DEN / DEN,"Mikkel ENGHØJ, Camilla MADSEN",-16,0 - 0,$0.00,170 / 1,"https://bwfbadminton.com/player/73171/mikkel-engh%C3%98j,https://bwfbadminton.com/player/73693/camilla-madsen","73171, 73693"
1387,RUS / RUS,"Vladimir NIKULOV, Anastasiia SEMENOVA",-16,0 - 0,$103.12,170 / 1,"https://bwfbadminton.com/player/55871/vladimir-nikulov,https://bwfbadminton.com/player/73195/anastasiia-semenova","55871, 73195"
1387,BEL / BEL,"Lawrence DE PAUW, Ann KNAEPEN",-16,0 - 0,$0.00,170 / 1,"https://bwfbadminton.com/player/73307/lawrence-de-pauw,https://bwfbadminton.com/player/93148/ann-knaepen","73307, 93148"
1387,BEL / BEL,"Guillaume BONNET, Clara LASSAUX",-16,0 - 0,$0.00,170 / 1,"https://bwfbadminton.com/player/65862/guillaume-bonnet,https://bwfbadminton.com/player/60035/clara-lassaux","65862, 60035"
1387,GRE / GRE,"Ilias XANTHOU, Stefania KONSTANTAKATOU",-16,0 - 0,$0.00,170 / 1,"https://bwfbadminton.com/player/97902/ilias-xanthou,https://bwfbadminton.com/player/78865/stefania-konstantakatou","97902, 78865"
1387,CRO / CRO,"Borna DRVODELIC, Dora DRVODELIC",-16,0 - 1,$0.00,170 / 1,"https://bwfbadminton.com/player/58694/borna-drvodelic,https://bwfbadminton.com/player/66078/dora-drvodelic","58694, 66078"
1387,AUT / AUT,"Philip BIRKER, Nina SORGER",-16,0 - 1,$0.00,170 / 1,"https://bwfbadminton.com/player/78121/philip-birker,https://bwfbadminton.com/player/77837/nina-sorger","78121, 77837"
1387,WAL / WAL,"Tsung Fong MO, Gean Sou MO",-16,0 - 1,$0.00,170 / 1,"https://bwfbadminton.com/player/77482/tsung-fong-mo,https://bwfbadminton.com/player/90631/gean-sou-mo","77482, 90631"
1387,ENG / ENG,"Joshua YOUNG, Grace TAYLOR",-16,1 - 1,$0.00,170 / 1,"https://bwfbadminton.com/player/72201/joshua-young,https://bwfbadminton.com/player/71578/grace-taylor","72201, 71578"
1387,ENG / ENG,"David JONES, Freya REDFEARN",-16,1 - 1,$0.00,170 / 1,"https://bwfbadminton.com/player/60130/david-jones,https://bwfbadminton.com/player/90839/freya-redfearn","60130, 90839"
1387,FRA / FRA,"Jonathan CASSIER, Olivia MEUNIER",-16,1 - 3,$0.00,170 / 1,"https://bwfbadminton.com/player/59929/jonathan-cassier,https://bwfbadminton.com/player/67960/olivia-meunier","59929, 67960"
1423,POL / POL,"Wojciech SAJDOK, Daniela BIELINSKA",-16,0 - 0,$0.00,160 / 2,"https://bwfbadminton.com/player/86299/wojciech-sajdok,https://bwfbadminton.com/player/80785/daniela-bielinska","86299, 80785"
1424,ENG / ENG,"Jonty RUSS, Zoe KING",-16,0 - 0,$0.00,130 / 1,"https://bwfbadminton.com/player/75118/jonty-russ,https://bwfbadminton.com/player/99350/zoe-king","75118, 99350"
1424,LTU / LTU,"Tomas DOVYDAITIS, Vaiva ZYMANTAITE",-16,0 - 0,$0.00,130 / 1,"https://bwfbadminton.com/player/13900/tomas-dovydaitis,https://bwfbadminton.com/player/89906/vaiva-zymantaite","13900, 89906"
1426,LTU / LTU,"Vytaute FOMKINAITE, Edgaras SLUSNYS",-16,0 - 0,$0.00,100 / 2,"https://bwfbadminton.com/player/72367/vytaute-fomkinaite,https://bwfbadminton.com/player/84442/edgaras-slusnys","72367, 84442"
1427,INA / INA,"Raveno Bagas PRAYOGA, Berlian Putri LAKSONO",-16,0 - 0,$0.00,100 / 1,"https://bwfbadminton.com/player/83996/raveno-bagas-prayoga,https://bwfbadminton.com/player/65934/berlian-putri-laksono","83996, 65934"
1427,INA / INA,"Ramsha ARIADITA, Syarifah NURMARIAM",-16,0 - 0,$0.00,100 / 1,"https://bwfbadminton.com/player/83945/ramsha-ariadita,https://bwfbadminton.com/player/96485/syarifah-nurmariam","83945, 96485"
1427,TPE / TPE,"Chun Hsien YANG, Pei-Tzu LO",-16,0 - 0,$0.00,100 / 1,"https://bwfbadminton.com/player/77087/chun-hsien-yang,https://bwfbadminton.com/player/98772/pei-tzu-lo","77087, 98772"
1427,TPE / TPE,"CHEN Yen Chun, WANG Yu Qiao",-16,0 - 0,$0.00,100 / 1,"https://bwfbadminton.com/player/85603/chen-yen-chun,https://bwfbadminton.com/player/82408/wang-yu-qiao","85603, 82408"
1427,INA / INA,"Muhammad Rafi RABBANI PUTRA, Priskyla MA'MUDAH",-16,0 - 0,$0.00,100 / 1,"https://bwfbadminton.com/player/93088/muhammad-rafi-rabbani-putra,https://bwfbadminton.com/player/75715/priskyla-ma-mudah","93088, 75715"
1427,TPE / TPE,"Ming Che LU, CHANG Yu Hsuan",-16,0 - 0,$0.00,100 / 1,"https://bwfbadminton.com/player/58986/ming-che-lu,https://bwfbadminton.com/player/77497/chang-yu-hsuan","58986, 77497"
1427,INA / INA,"Devand Riefky REKSADILLANO, Anggit WARASTIWI",-16,0 - 0,$0.00,100 / 1,"https://bwfbadminton.com/player/64134/devand-riefky-reksadillano,https://bwfbadminton.com/player/50099/anggit-warastiwi","64134, 50099"
1427,POR / POR,"Pedro SANTOS, Catarina M. MARTINS",-16,0 - 0,$0.00,100 / 1,"https://bwfbadminton.com/player/69663/pedro-santos,https://bwfbadminton.com/player/74099/catarina-m-martins","69663, 74099"
1427,POR / POR,"Angelo SILVA, Catarina CRISTINA",-16,0 - 0,$0.00,100 / 1,"https://bwfbadminton.com/player/73433/angelo-silva,https://bwfbadminton.com/player/76386/catarina-cristina","73433, 76386"
1427,POR / POR,"Guilherme FERREIRA, Inês LORGA",-16,0 - 0,$0.00,100 / 1,"https://bwfbadminton.com/player/51545/guilherme-ferreira,https://bwfbadminton.com/player/65138/ines-lorga","51545, 65138"
1427,POR / POR,"Carlos André SILVA, Adriana F. GONCALVES",-16,0 - 0,$0.00,100 / 1,"https://bwfbadminton.com/player/56942/carlos-andre-silva,https://bwfbadminton.com/player/56466/adriana-f-goncalves","56942, 56466"
1427,POR / POR,"Francisco B. MENDES, Maria Margarida RODRIGUES",-16,0 - 0,$0.00,100 / 1,"https://bwfbadminton.com/player/86544/francisco-b-mendes,https://bwfbadminton.com/player/98351/maria-margarida-rodrigues","86544, 98351"
1427,POR / POR,"Marco JORGE, Mariana PINTO LEITE",-16,0 - 0,$0.00,100 / 1,"https://bwfbadminton.com/player/95204/marco-jorge,https://bwfbadminton.com/player/58813/mariana-pinto-leite","95204, 58813"
1427,SWE / SWE,"Filip Michael Duwall MYHREN, Johanna MAGNUSSON",-16,0 - 0,"$1,000.00",100 / 1,"https://bwfbadminton.com/player/57568/filip-michael-duwall-myhren,https://bwfbadminton.com/player/73556/johanna-magnusson","57568, 73556"
1427,INA / INA,"Wirawan IHSAN ADAM, Linda Mutiara PERTIWI",-16,0 - 0,$0.00,100 / 1,"https://bwfbadminton.com/player/79281/wirawan-ihsan-adam,https://bwfbadminton.com/player/86007/linda-mutiara-pertiwi","79281, 86007"
1427,UKR / UKR,"Sergey DON, Yevgeniya PAKSYUTOVA",-16,0 - 0,$0.00,100 / 1,"https://bwfbadminton.com/player/78224/sergey-don,https://bwfbadminton.com/player/71783/yevgeniya-paksyutova","78224, 71783"
1427,TUR / TUR,"Berkay CICEN, Betul SONER",-16,0 - 0,$0.00,100 / 1,"https://bwfbadminton.com/player/90490/berkay-cicen,https://bwfbadminton.com/player/78453/betul-soner","90490, 78453"
1427,TUR / TUR,"Mustafa KUTLU, Pinar USLUER",-16,0 - 0,$0.00,100 / 1,"https://bwfbadminton.com/player/82065/mustafa-kutlu,https://bwfbadminton.com/player/59107/pinar-usluer","82065, 59107"
1427,MAS / SWE,"Ikmal Hussain JAAFAR, Frida LINDSTROM",-16,0 - 0,$0.00,100 / 1,"https://bwfbadminton.com/player/71405/ikmal-hussain-jaafar,https://bwfbadminton.com/player/81790/frida-lindstrom","71405, 81790"
1427,NED / NOR,"Rik HERMANS, Marlene WÅLAND",-16,0 - 0,$0.00,100 / 1,"https://bwfbadminton.com/player/83134/rik-hermans,https://bwfbadminton.com/player/64948/marlene-w%C3%85land","83134, 64948"
1427,POL / POL,"Wiktor TRECKI, Zuzanna PARYSZ",-16,0 - 0,$0.00,100 / 1,"https://bwfbadminton.com/player/67964/wiktor-trecki,https://bwfbadminton.com/player/88584/zuzanna-parysz","67964, 88584"
1427,POL / POL,"Radoslaw WROBEL, Izabela PAJEK",-16,0 - 0,$0.00,100 / 1,"https://bwfbadminton.com/player/55906/radoslaw-wrobel,https://bwfbadminton.com/player/84695/izabela-pajek","55906, 84695"
1427,POL / POL,"Szymon STOKFISZ, Magdalena KULSKA",-16,0 - 0,$0.00,100 / 1,"https://bwfbadminton.com/player/83323/szymon-stokfisz,https://bwfbadminton.com/player/72685/magdalena-kulska","83323, 72685"
1427,KOR / KOR,"PARK Keon Nam, PARK Su Hyun",-16,0 - 0,$0.00,100 / 1,"https://bwfbadminton.com/player/85027/park-keon-nam,https://bwfbadminton.com/player/95526/park-su-hyun","85027, 95526"
1427,INA / AUS,"William HARDJONO, Zecily FUNG",-16,0 - 0,$0.00,100 / 1,"https://bwfbadminton.com/player/81377/william-hardjono,https://bwfbadminton.com/player/58515/zecily-fung","81377, 58515"
1427,AUS / AUS,"Marcus LOI, Maggie CHAN",-16,0 - 0,$0.00,100 / 1,"https://bwfbadminton.com/player/68958/marcus-loi,https://bwfbadminton.com/player/97044/maggie-chan","68958, 97044"
1427,BUL / GRE,"Alex POPOV, Artemis ANASTASIOU",-16,0 - 0,$0.00,100 / 1,"https://bwfbadminton.com/player/79802/alex-popov,https://bwfbadminton.com/player/94452/artemis-anastasiou","79802, 94452"
1427,BUL / GER,"Ivan PANEV, Emma MOSZCZYNSKI",-16,0 - 0,$0.00,100 / 1,"https://bwfbadminton.com/player/58231/ivan-panev,https://bwfbadminton.com/player/57180/emma-moszczynski","58231, 57180"
1427,EST / EST,"Raimo PREGEL, Kulle LAIDMAE",-16,0 - 1,$0.00,100 / 1,"https://bwfbadminton.com/player/21862/raimo-pregel,https://bwfbadminton.com/player/14696/kulle-laidmae","21862, 14696"
1427,SWE / SWE,"Martin FORSSBERG, Madeleine PERSSON",-16,0 - 2,$0.00,100 / 1,"https://bwfbadminton.com/player/92360/martin-forssberg,https://bwfbadminton.com/player/94427/madeleine-persson","92360, 94427"
1427,RUS / RUS,"Nikita LEMESHKO, Anastasiia SEMENOVA",-16,0 - 1,$0.00,100 / 1,"https://bwfbadminton.com/player/62966/nikita-lemeshko,https://bwfbadminton.com/player/73195/anastasiia-semenova","62966, 73195"
1427,GRE / GRE,"George GALVAS, Zoi ALELI",-16,1 - 5,$0.00,100 / 1,"https://bwfbadminton.com/player/13394/george-galvas,https://bwfbadminton.com/player/57268/zoi-aleli","13394, 57268"
1427,GRE / GRE,"Axilleas TSARTSIDIS, Aristea APOSTOLIDOU",-16,1 - 3,$0.00,100 / 1,"https://bwfbadminton.com/player/87745/axilleas-tsartsidis,https://bwfbadminton.com/player/76931/aristea-apostolidou","87745, 76931"
1427,GRE / GRE,"Vassilios KIOMOURTZIDIS, Polyvia TZIKA",-16,2 - 2,$0.00,100 / 1,"https://bwfbadminton.com/player/50987/vassilios-kiomourtzidis,https://bwfbadminton.com/player/58737/polyvia-tzika","50987, 58737"
1427,INA / INA,"Tedi SUPRIADI, Surya Della AUGUSTIA",-16,1 - 2,$468.11,100 / 1,"https://bwfbadminton.com/player/87310/tedi-supriadi,https://bwfbadminton.com/player/56145/surya-della-augustia","87310, 56145"
1427,EST / EST,"Andres ARU, Ulla HELM",-16,0 - 0,$0.00,100 / 1,"https://bwfbadminton.com/player/14672/andres-aru,https://bwfbadminton.com/player/53713/ulla-helm","14672, 53713"
1463,NZL / NZL,"Oliver LEYDON-DAVIS, Susannah LEYDON-DAVIS",-15,33 - 25,"$2,044.48",62 / 1,"https://bwfbadminton.com/player/27624/oliver-leydon-davis,https://bwfbadminton.com/player/31647/susannah-leydon-davis","27624, 31647"
1464,EST / EST,"Alexander RAUDSEPP, Merit MÄGI",-15,0 - 0,$0.00,60 / 1,"https://bwfbadminton.com/player/98425/alexander-raudsepp,https://bwfbadminton.com/player/58569/merit-mAegi","98425, 58569"
1464,ENG / ENG,"Steven STALLWOOD, Elizabeth MCMORROW",-15,0 - 0,$0.00,60 / 1,"https://bwfbadminton.com/player/62414/steven-stallwood,https://bwfbadminton.com/player/84682/elizabeth-mcmorrow","62414, 84682"
1464,ISL / ISL,"Eidur Isak BRODDASON, Arna Karen JOHANNSDOTTIR",-15,0 - 0,$0.00,60 / 1,"https://bwfbadminton.com/player/61426/eidur-isak-broddason,https://bwfbadminton.com/player/87859/arna-karen-johannsdottir","61426, 87859"
1464,ENG / ENG,"Harry ARKSEY, Evie BURBIDGE",-15,0 - 1,$0.00,60 / 1,"https://bwfbadminton.com/player/98551/harry-arksey,https://bwfbadminton.com/player/56534/evie-burbidge","98551, 56534"
1468,SCO / SCO,"Adam HALL, Julie MACPHERSON",-15,0 - 0,$759.37,33 / 1,"https://bwfbadminton.com/player/85159/adam-hall,https://bwfbadminton.com/player/91715/julie-macpherson","85159, 91715"
1469,PER / PER,"Bruno BARRUETO DEZA, Danica NISHIMURA",-15,0 - 0,$486.60,33 / 1,"https://bwfbadminton.com/player/78607/bruno-barrueto-deza,https://bwfbadminton.com/player/80894/danica-nishimura","78607, 80894"
1470,USA / USA,"Nicole FREVOLD, Nicholas Robert Henson WALLER",-15,0 - 0,$0.00,10 / 1,"https://bwfbadminton.com/player/91550/nicole-frevold,https://bwfbadminton.com/player/81573/nicholas-robert-henson-waller","91550, 81573"
1470,BRA / BRA,"Hugo ARTHUSO, Samia LIMA",-15,0 - 0,"$2,646.50",10 / 1,"https://bwfbadminton.com/player/53977/hugo-arthuso,https://bwfbadminton.com/player/76507/samia-lima","53977, 76507"
1470,ZAM / ZAM,"MABO DONALD, Ogar SIAMUPANGILA",-15,8 - 5,"$1,258.56",10 / 1,"https://bwfbadminton.com/player/99795/mabo-donald,https://bwfbadminton.com/player/51665/ogar-siamupangila","99795, 51665"
1473,SWE / SWE,"Richard EIDESTEDT, Amanda HOGSTROM",-15,0 - 0,"$7,427.88",7 / 1,"https://bwfbadminton.com/player/53849/richard-eidestedt,https://bwfbadminton.com/player/42703/amanda-hogstrom","53849, 42703"
1473,SVK / SVK,"Milan DRATVA, Zuzana PALKOVA",-15,0 - 0,$0.00,7 / 1,"https://bwfbadminton.com/player/68819/milan-dratva,https://bwfbadminton.com/player/56569/zuzana-palkova","68819, 56569"
1473,HUN / HUN,"Daniella GONDA, Marton SZATZKER",-15,0 - 0,$0.00,7 / 1,"https://bwfbadminton.com/player/98804/daniella-gonda,https://bwfbadminton.com/player/30566/marton-szatzker","98804, 30566"
1476,CAN / CAN,"Josephine WU, Nyl YAKURA",-15,0 - 0,"$1,363.10",2 / 2,"https://bwfbadminton.com/player/86226/josephine-wu,https://bwfbadminton.com/player/25322/nyl-yakura","86226, 25322"
1476,SGP / SGP,"Danny Bawa CHRISNANTA, TAN Wei Han",-15,0 - 0,"$51,654.29",2 / 2,"https://bwfbadminton.com/player/66920/danny-bawa-chrisnanta,https://bwfbadminton.com/player/59237/tan-wei-han","66920, 59237"
1476,BUL / BUL,"Philip SHISHOV, Gabriela STOEVA",-15,0 - 0,$500.00,2 / 2,"https://bwfbadminton.com/player/55292/philip-shishov,https://bwfbadminton.com/player/43840/gabriela-stoeva","55292, 43840"
1479,FIJ / FIJ,"Ahmad ALI, Karyn GIBSON",-15,0 - 0,$0.00,2 / 1,"https://bwfbadminton.com/player/64993/ahmad-ali,https://bwfbadminton.com/player/96372/karyn-gibson","64993, 96372"
1479,USA /  / USA,"Vinson CHIU, Jamie SUBANDHI",-15,0 - 0,"$10,446.52",2 / 1,"https://bwfbadminton.com/player/80497/vinson-chiu,https://bwfbadminton.com/player/52771/jamie-subandhi","80497, 52771"
1479,SVK / SVK,"Matej HLINICAN, Katarina VARGOVA",-15,0 - 0,$786.23,2 / 1,"https://bwfbadminton.com/player/50266/matej-hlinican,https://bwfbadminton.com/player/82827/katarina-vargova","50266, 82827"
1479,ZAM / ZAM,"Kalombo MULENGA, Evelyn SIAMUPANGILA",-15,0 - 0,$0.00,2 / 1,"https://bwfbadminton.com/player/55024/kalombo-mulenga,https://bwfbadminton.com/player/55777/evelyn-siamupangila","55024, 55777"
1479,BOT / BOT,"Tefo KABOMO, Botho MAKUBATE",-15,0 - 0,$0.00,2 / 1,"https://bwfbadminton.com/player/58767/tefo-kabomo,https://bwfbadminton.com/player/87582/botho-makubate","58767, 87582"
1479,USA / USA,"Vinson CHIU, Annie XU",-15,0 - 0,$0.00,2 / 1,"https://bwfbadminton.com/player/80497/vinson-chiu,https://bwfbadminton.com/player/71644/annie-xu","80497, 71644"
1479,MEX / MEX,"Jessica Jazmin BAUTISTA TRIGUEROS, Job CASTILLO",-15,0 - 0,$82.49,2 / 1,"https://bwfbadminton.com/player/73275/jessica-jazmin-bautista-trigueros,https://bwfbadminton.com/player/93101/job-castillo","73275, 93101"
1479,USA / USA,"Crystal PAN, Howard SHU",-15,0 - 0,"$1,505.30",2 / 1,"https://bwfbadminton.com/player/99017/crystal-pan,https://bwfbadminton.com/player/46776/howard-shu","99017, 46776"
1479,RUS / RUS,"Ivan SOZONOV, Nina VISLOVA",-15,0 - 0,"$41,891.72",2 / 1,"https://bwfbadminton.com/player/67068/ivan-sozonov,https://bwfbadminton.com/player/15311/nina-vislova","67068, 15311"
1479,EST / EST,"Kristjan KALJURAND, Kristin KUUBA",-15,0 - 0,$0.00,2 / 1,"https://bwfbadminton.com/player/68926/kristjan-kaljurand,https://bwfbadminton.com/player/73015/kristin-kuuba","68926, 73015"
1479,LTU / LTU,"Karolis EIMUTAITIS, Akvile STAPUSAITYTE",-15,0 - 0,$0.00,2 / 1,"https://bwfbadminton.com/player/59413/karolis-eimutaitis,https://bwfbadminton.com/player/14894/akvile-stapusaityte","59413, 14894"
1479,MAC / MAC,"U Ieong IEK, Kit Ieng WONG",-15,0 - 0,$0.00,2 / 1,"https://bwfbadminton.com/player/98757/u-ieong-iek,https://bwfbadminton.com/player/76122/kit-ieng-wong","98757, 76122"
1479,EGY / EGY,"Ali Ahmed EL KHATEEB, Nadine ASHRAF",-15,0 - 0,$891.86,2 / 1,"https://bwfbadminton.com/player/80660/ali-ahmed-el-khateeb,https://bwfbadminton.com/player/71367/nadine-ashraf","80660, 71367"
1479,BUL / BUL,"Ivan RUSEV, Petya NEDELCHEVA",-15,0 - 0,$292.63,2 / 1,"https://bwfbadminton.com/player/98589/ivan-rusev,https://bwfbadminton.com/player/12765/petya-nedelcheva","98589, 12765"
1479,EST / EST,"Mihkel LAANES, Kristin KUUBA",-15,3 - 6,$0.00,2 / 1,"https://bwfbadminton.com/player/87324/mihkel-laanes,https://bwfbadminton.com/player/73015/kristin-kuuba","87324, 73015"
1479,SRI / SRI,"Niluka KARUNARATNE, Renu Chandrika de Silva HETTIARACHCHIGE",-15,0 - 0,"$1,977.49",2 / 1,"https://bwfbadminton.com/player/14004/niluka-karunaratne,https://bwfbadminton.com/player/10033/renu-chandrika-de-silva-hettiarachchige","14004, 10033"
