rank,rank_change,prev_rank,country,player,member_id,points,tournaments,profile_link
1,0,1,CHN,WANG Shixian,83064,83506,11,https://bwf.tournamentsoftware.com/player-profile/2F7CBE3A-CD73-4B1F-9FB0-6C31A46C000B
2,0,2,CHN,WANG Yihan,53938,77389,11,https://bwf.tournamentsoftware.com/player-profile/9B30EE44-28C0-43FF-B4AE-17DADA30D29A
3,0,3,CHN,WANG Xin,51520,68812,10,https://bwf.tournamentsoftware.com/player-profile/2CD47146-7081-4074-B3F4-2687F35B96FE
4,0,4,IND,Saina NEHWAL,52748,64821,9,https://bwf.tournamentsoftware.com/player-profile/3E7EEDF9-07F0-474E-A02B-CB598BBE365A
5,1,6,CHN,JIANG Yanjiao,14874,57861,9,https://bwf.tournamentsoftware.com/player-profile/26250F68-6DFA-4749-8DCE-80DDF964CF94
6,-1,5,CHN,LIU Xin (F),14398,55550,13,https://bwf.tournamentsoftware.com/player-profile/FC610B10-2169-47E2-8EB1-4A0AA9F12DF3
7,0,7,GER,Juliane SCHENK,13475,51329,18,https://bwf.tournamentsoftware.com/player-profile/36259742-0EA1-44EB-9E3D-67C77FDE005C
8,0,8,KOR,BAE Yeon Ju,22455,50821,16,https://bwf.tournamentsoftware.com/player-profile/7C473837-E787-4AB7-9221-CC5D88CA82A6
9,0,9,DEN,Tine BAUN,10358,49999,8,https://bwf.tournamentsoftware.com/player-profile/51BB0F6B-1D20-4A57-9DF1-92F958D9E47D
10,5,15,TPE,CHENG Shao Chieh,14864,48570,14,https://bwf.tournamentsoftware.com/player-profile/554CF19A-0F24-4FB1-95BB-83D04F5F439F
11,-1,10,BUL,Petya NEDELCHEVA,12765,48113,18,https://bwf.tournamentsoftware.com/player-profile/D122C443-A2F9-4A06-B076-6BF717DEEB83
12,1,13,CHN,LI Xue Rui,64643,48100,12,https://bwf.tournamentsoftware.com/player-profile/A8B4DEC1-972C-4517-9D80-4FBB300F91ED
13,-2,11,HKG,YIP Pui Yin,51649,47500,16,https://bwf.tournamentsoftware.com/player-profile/B368A130-10A6-4C37-886A-4EF8AE4D6E78
14,-2,12,JPN,Eriko HIROSE,15417,47394,12,https://bwf.tournamentsoftware.com/player-profile/73E0B6C9-9EB4-4E28-B08E-5BC5DABAEAD7
15,-1,14,KOR,SUNG Jihyun,76594,46145,15,https://bwf.tournamentsoftware.com/player-profile/18BDE483-5C63-4C57-8D4F-47EEECBEA966
16,0,16,THA,Porntip BURANAPRASERTSUK,54511,45390,17,https://bwf.tournamentsoftware.com/player-profile/0E37B63A-1D68-48EB-A948-A1EB8D72B171
17,0,17,NED,YAO Jie,5564,42860,16,https://bwf.tournamentsoftware.com/player-profile/15EC2421-543A-4E50-B70C-04C4955053AE
18,0,18,TPE,TAI Tzu Ying,61427,42170,19,https://bwf.tournamentsoftware.com/player-profile/E7478462-B482-44AA-8170-A719B6AE45C9
19,1,20,THA,Salakjit PONSANA,50728,42110,18,https://bwf.tournamentsoftware.com/player-profile/8AD50FAA-26F0-44FB-B0FC-8C7B8A82E357
20,-1,19,THA,Ratchanok INTANON,35642,41620,16,https://bwf.tournamentsoftware.com/player-profile/99EA34EF-1515-4CE4-94A2-9A3304DD28A5
21,0,21,RUS,Ella DIEHL,6115,40564,16,https://bwf.tournamentsoftware.com/player-profile/56D42FCF-E1FA-4CB3-80B9-090691E6334C
22,0,22,JPN,Sayaka SATO,77317,39679,14,https://bwf.tournamentsoftware.com/player-profile/6C8F6FDE-65A8-4755-B8E3-4501791937C4
23,0,23,FRA,PI Hongyan,9699,39490,10,https://bwf.tournamentsoftware.com/player-profile/6EBCEC0C-FB4A-458D-868F-F20C6A110A32
24,3,27,CHN,LU Lan,53057,39130,9,https://bwf.tournamentsoftware.com/player-profile/14243308-657A-463C-8073-46E9642DD038
25,-1,24,JPN,Ai GOTO,54531,39098,15,https://bwf.tournamentsoftware.com/player-profile/F0CFD21C-8F7E-4AC9-AB36-8C58A7932E10
26,-1,25,MAS,Mew Choo WONG,11769,38021,10,https://bwf.tournamentsoftware.com/player-profile/73799B23-881E-4322-9A36-BB3E1C51CA39
27,-1,26,BUL,Linda ZETCHIRI,15105,33305,17,https://bwf.tournamentsoftware.com/player-profile/A942373B-2091-47D5-A275-7301C22E3057
28,0,28,INA,Adrianti FIRDASARI,14710,32324,11,https://bwf.tournamentsoftware.com/player-profile/890F9DBD-CCC3-4B69-A547-1418B0A56D2E
29,0,29,UKR,Larisa GRIGA,51368,32116,15,https://bwf.tournamentsoftware.com/player-profile/8AC55945-CB21-4C78-8718-F6894B591BBC
30,4,34,JPN,Ayane KURIHARA,89285,31910,11,https://bwf.tournamentsoftware.com/player-profile/F8A21CE0-E18D-41C0-9A3E-63B293491231
31,-1,30,INA,Lindaweni FANETRI,96130,31474,13,https://bwf.tournamentsoftware.com/player-profile/C30CB5CE-AABC-4C9D-9EE8-0925091B1CBA
32,-1,31,INA,Maria Febe KUSUMASTUTI,66974,31355,10,https://bwf.tournamentsoftware.com/player-profile/E453488A-FE78-4321-A9F1-629B5AAB13FE
33,-1,32,KOR,BAE Seung Hee,51396,31232,13,https://bwf.tournamentsoftware.com/player-profile/D31786A6-62E5-4269-97DD-D9C928A964DC
34,-1,33,SGP,Juan GU,53782,30840,19,https://bwf.tournamentsoftware.com/player-profile/1B38E89D-6E83-4B8F-A251-C513A0056F6E
35,0,35,NED,Judith MEULENDIJKS,6964,29940,13,https://bwf.tournamentsoftware.com/player-profile/64834692-A214-45BC-8B5E-82988FA5AF75
36,5,41,SCO,Susan EGELSTAFF,12818,29515,15,https://bwf.tournamentsoftware.com/player-profile/B989F1A0-8B4B-4F83-A604-FD9F12CE09CA
37,-1,36,CAN,Nicole GRETHER,3951,29110,15,https://bwf.tournamentsoftware.com/player-profile/E56DB3E0-3EE7-4456-8DE3-99283C951A2D
38,-1,37,CHN,HUI ZHOU,32721,28760,7,https://bwf.tournamentsoftware.com/player-profile/29CF4E03-426B-4163-AC7E-F71816150BD7
39,0,39,SGP,Mingtian FU,53788,28700,15,https://bwf.tournamentsoftware.com/player-profile/AC1BA2EF-3EE2-4C07-B169-7340B47E432D
40,-2,38,INA,Aprillia YUSWANDARI,15828,28610,12,https://bwf.tournamentsoftware.com/player-profile/7B3845BC-D030-4EC9-8E92-EFE9BF8771B8
41,6,47,CAN,Michelle LI,84523,28539,14,https://bwf.tournamentsoftware.com/player-profile/133E8A7F-4D1A-4333-AB97-9BACE04294FA
42,-2,40,RUS,Anastasia PROKOPENKO,52640,28394,14,https://bwf.tournamentsoftware.com/player-profile/7EDD0552-1E1A-4D5B-B0AC-88D61772B0E9
43,-1,42,USA,Cee Nantana KETPURA,55438,27672,18,https://bwf.tournamentsoftware.com/player-profile/8576D03B-6D6D-4523-9D81-9DE4EA51A462
44,1,45,RUS,Tatjana BIBIK,51261,27672,14,https://bwf.tournamentsoftware.com/player-profile/2514A6DE-D8AB-4B65-9340-C2389C19C1CC
45,-2,43,JEY,Elizabeth CANN,11982,27280,10,https://bwf.tournamentsoftware.com/player-profile/6DF68199-4D8C-48CD-9AE7-06441570A950
46,-2,44,JPN,Shizuka Uchida,82346,27000,9,https://bwf.tournamentsoftware.com/player-profile/6A6876D6-49DD-4A16-AA83-1880F1043BCA
47,-1,46,GER,Olga ROJ,15323,26920,9,https://bwf.tournamentsoftware.com/player-profile/5292AF26-8578-4016-98BC-F94E415870C9
48,3,51,INA,Fransiska RATNASARI,15811,26450,12,https://bwf.tournamentsoftware.com/player-profile/8D317927-3897-4C89-9BBC-DD0F9317EDF6
49,-1,48,ITA,Jeanine CICOGNINI,51842,26448,19,https://bwf.tournamentsoftware.com/player-profile/4A992460-FB34-4FEB-91BE-52F6B274ECB1
50,-1,49,HKG,CHAN Kaka Tsz Ka,52929,26320,16,https://bwf.tournamentsoftware.com/player-profile/2CDC926A-1DFF-408A-81EE-B86A6D7189AE
51,-1,50,USA,Rena WANG,79480,25612,21,https://bwf.tournamentsoftware.com/player-profile/4D68310F-2364-431A-89E7-DF411DF31B57
52,0,52,INA,Ana ROVITA,48714,25010,9,https://bwf.tournamentsoftware.com/player-profile/3DE04221-CD78-42A7-B346-64FFDCCD7C23
53,0,53,SGP,Jiayuan CHEN,54698,24990,14,https://bwf.tournamentsoftware.com/player-profile/FC6C7B17-1DF0-4F7C-98D7-5E01B0771FC4
54,1,55,TPE,PAI Hsiao Ma,15509,24970,15,https://bwf.tournamentsoftware.com/player-profile/828132B3-D827-4201-AFD8-5470A54DCCF1
55,-1,54,KOR,KIM Moon Hi,54357,24300,8,https://bwf.tournamentsoftware.com/player-profile/9F647D4C-D888-4D74-BC53-90F3B2431517
56,4,60,CHN,ZHU Lin,51281,23960,7,https://bwf.tournamentsoftware.com/player-profile/40F270C4-40F0-4A75-A65D-A80951450C38
57,9,66,JPN,Minatsu MITANI,66644,23320,9,https://bwf.tournamentsoftware.com/player-profile/6FEDE8B0-F788-416C-914D-38E23B4CED8A
58,-2,56,CAN,Charmaine REID,3156,23283,19,https://bwf.tournamentsoftware.com/player-profile/519DB1F1-E903-422A-8BF7-AED2F8C94B99
59,-2,57,ESP,Carolina MARIN,18228,22853,12,https://bwf.tournamentsoftware.com/player-profile/213226C1-39FD-4443-A603-69E07939C39E
60,-2,58,ITA,Agnese ALLEGRINI,12028,22819,13,https://bwf.tournamentsoftware.com/player-profile/41BF46BA-F9D4-4156-8D84-9C98B90C23EA
61,3,64,JPN,Kaori IMABEPPU,53392,22690,9,https://bwf.tournamentsoftware.com/player-profile/F8B3AC9E-910D-412F-B542-153C4D27C196
62,-3,59,CZE,Kristina GAVNHOLT,51739,22638,11,https://bwf.tournamentsoftware.com/player-profile/12EFE955-AA5B-400C-B194-66A346F0C929
63,-2,61,IRL,Chloe MAGEE,89666,22204,12,https://bwf.tournamentsoftware.com/player-profile/61A45524-5573-4D57-A3C5-81127A1350EE
64,4,68,DEN,Karina JORGENSEN,46896,22171,13,https://bwf.tournamentsoftware.com/player-profile/BFAC03FD-6E04-4EC4-A9D5-0EAD1EBB69E0
65,-3,62,FRA,Sashina VIGNES WARAN,18998,21870,15,https://bwf.tournamentsoftware.com/player-profile/E092230F-BD18-4D66-84C1-2A656DAF5684
66,-3,63,GER,Karin SCHNAASE-BEERMANN,51204,21801,16,https://bwf.tournamentsoftware.com/player-profile/82766CE3-9237-40E2-A155-AD5D00C8DBBF
67,-2,65,SLO,Maja TVRDY,12023,20792,15,https://bwf.tournamentsoftware.com/player-profile/D865EB1B-9DBE-4EF0-B32C-CFDF192376E2
68,6,74,INA,Maria Kristin YULIANTI,14711,20766,9,https://bwf.tournamentsoftware.com/player-profile/21D923CD-35CD-4265-9DE2-73E7D130DCE3
69,-2,67,BEL,Lianne TAN,55318,20558,18,https://bwf.tournamentsoftware.com/player-profile/15A49408-9066-4EB1-B2D7-8B9CEA0E4511
70,2,72,TPE,CHEN Hsiao Huan,51518,20490,12,https://bwf.tournamentsoftware.com/player-profile/58BDD3B7-AE1C-4632-8EC3-9B08221625F4
71,-2,69,AUT,Simone PRUTSCH,10022,20014,18,https://bwf.tournamentsoftware.com/player-profile/C1A8F711-A91F-42D4-82AB-9D8DACA8EBA3
72,-2,70,POR,Telma SANTOS,13006,20010,11,https://bwf.tournamentsoftware.com/player-profile/297B60D5-D066-4411-A36E-200E830F985D
73,-2,71,TUR,Ozge BAYRAK,94762,19740,11,https://bwf.tournamentsoftware.com/player-profile/FB58D012-153E-436D-B0C4-CF6F0DD7ED92
74,-1,73,CHN,WANG Lin,53937,19120,3,https://bwf.tournamentsoftware.com/player-profile/51C89775-32EB-4C75-88AB-07000F28F8B2
75,0,75,ISL,Ragna INGOLFSDOTTIR,12129,18916,13,https://bwf.tournamentsoftware.com/player-profile/7B6DBC80-4231-4A68-A2D1-C653D41B057C
76,0,76,UKR,Elena PRUS,52301,18720,15,https://bwf.tournamentsoftware.com/player-profile/2230441D-2CB3-4055-9857-69026B3A130F
77,9,86,THA,Nitchaon JINDAPOL,57971,18660,10,https://bwf.tournamentsoftware.com/player-profile/4E3EB7BA-92FE-49F1-BA2F-309FF38357C7
78,-1,77,SGP,Aiying XING,52706,18570,8,https://bwf.tournamentsoftware.com/player-profile/FE2F0884-39BE-422D-9214-566C69EA02FF
79,-1,78,CAN,Joycelyn KO,53877,18500,9,https://bwf.tournamentsoftware.com/player-profile/5DF9B49F-5CA8-40CD-9F8B-06E4B69DEC0C
80,-1,79,NZL,Michelle CHAN KY,14741,18390,14,https://bwf.tournamentsoftware.com/player-profile/8AC3C40D-DC26-44ED-95F3-269182460B9D
81,-1,80,USA,Karyn VELEZ,55158,18340,13,https://bwf.tournamentsoftware.com/player-profile/8FD90189-2976-48D5-A61A-59A1700A9DE0
82,3,85,IND,Aditi MUTATKAR,51650,18262,12,https://bwf.tournamentsoftware.com/player-profile/1D720EA1-B366-4C3B-A955-CEE6B3F018B0
83,-1,82,JPN,Yu HIRAYAMA,52259,18206,7,https://bwf.tournamentsoftware.com/player-profile/36930314-1167-4719-933F-194ED915E63A
84,-1,83,DEN,Anne HALD,1279,17850,10,https://bwf.tournamentsoftware.com/player-profile/BCF030AC-1469-420A-B12D-C861C2843E06
85,-4,81,FRA,Perrine LE BUHANIC,50595,17680,15,https://bwf.tournamentsoftware.com/player-profile/849716D5-4B6E-4FA0-8A8D-6A9398FD76CD
86,-2,84,USA,Megumi TARUNO,54532,17410,9,https://bwf.tournamentsoftware.com/player-profile/844FDB6C-D209-41F1-8C53-1776D80166B4
87,0,87,SUI,Sabrina JAQUET,54068,16810,17,https://bwf.tournamentsoftware.com/player-profile/F2108DAF-E325-457C-99D6-77806B05CBF3
88,0,88,BLR,Alesia ZAITSAVA,52294,16545,13,https://bwf.tournamentsoftware.com/player-profile/F657036F-94DB-42B0-B333-B7F0CDCB94EC
89,0,89,TPE,HUNG Shih Han,53628,16380,10,https://bwf.tournamentsoftware.com/player-profile/53608EA6-396D-443C-973C-9661F2561F08
90,9,99,NED,Patty STOLZENBACH,53832,16312,12,https://bwf.tournamentsoftware.com/player-profile/6F195510-6653-44FA-97AA-7E8F599B3904
91,-1,90,PER,Claudia RIVERO MODENSI,13182,16056,11,https://bwf.tournamentsoftware.com/player-profile/99641EF0-FE7C-408D-8DEB-30A55D8BE05C
92,-1,91,PER,Christina AICARDI,13181,16004,12,https://bwf.tournamentsoftware.com/player-profile/FD90EA00-E0B7-4B60-A15F-74348DEECB62
93,-1,92,JPN,Mayu SEKIYA,53841,16000,7,https://bwf.tournamentsoftware.com/player-profile/ABD9283F-DAD1-492B-96CA-7B9242A133DC
94,-1,93,UKR,Maria ULITINA,76349,15880,10,https://bwf.tournamentsoftware.com/player-profile/07455DFA-D0F7-4F83-89EA-2ABFBF17FDF8
95,-1,94,TUR,Oznur CALISKAN,53889,15300,12,https://bwf.tournamentsoftware.com/player-profile/0652BD30-A588-4A3E-A3D9-BB5627C53163
96,-1,95,HKG,MONG Kwan Yi,52928,15020,9,https://bwf.tournamentsoftware.com/player-profile/20067114-13C2-4338-82CC-802141AA302D
97,-1,96,MEX,Victoria MONTERO,51917,15017,10,https://bwf.tournamentsoftware.com/player-profile/BF5AB77B-3980-427A-9B64-A2F9A1ACAEC0
98,-1,97,RUS,Olga ARKHANGELSKAYA,8558,14896,8,https://bwf.tournamentsoftware.com/player-profile/1BB0FFFD-046B-4A8B-98D4-FCC07BC57906
99,34,133,THA,Sapsiree TAERATTANACHAI,67158,14790,6,https://bwf.tournamentsoftware.com/player-profile/EA2B13F3-2BB7-48A6-836E-9F911A4B48AB
100,-2,98,JPN,Masayo NOJIRINO,36246,14700,8,https://bwf.tournamentsoftware.com/player-profile/0C081AE3-F416-4AFD-9136-DE0ECA7D733E
101,5,106,FIN,Anu NIEMINEN,7083,14658,10,https://bwf.tournamentsoftware.com/player-profile/AF8FA109-B419-4BA3-9149-38A305B7ECB0
102,10,112,MAS,TEE Jing Yi,53153,14593,8,https://bwf.tournamentsoftware.com/player-profile/2063F0FA-4A6E-4383-8B51-690AB221EA33
103,2,105,PHI,Malvinne Ann Venice ALCALA,33497,14450,9,https://bwf.tournamentsoftware.com/player-profile/20600976-6BC4-4604-B282-CA801845DB03
104,-4,100,IND,Sayali GOKHALE,53962,14383,6,https://bwf.tournamentsoftware.com/player-profile/AED2422E-92BD-4785-AC4D-F3C58A768604
105,-4,101,HKG,TSE Ying Suet,61435,14340,14,https://bwf.tournamentsoftware.com/player-profile/7750BCA8-F58E-413E-B1E4-4C20589C371B
106,-4,102,MAC,WANG Rong,50911,14260,6,https://bwf.tournamentsoftware.com/player-profile/3D07937B-C560-4535-9A91-D80DA1D44068
107,-3,104,GER,Carola BOTT,14931,14200,10,https://bwf.tournamentsoftware.com/player-profile/B39FE74D-0F83-431F-8E74-F569AB396A88
108,-1,107,PER,Alejandra MONTEVERDE,14334,13820,9,https://bwf.tournamentsoftware.com/player-profile/D483952D-B25B-4460-8C37-46EDDD03DEFE
109,-6,103,EST,Karoliine HOIM,67084,13774,15,https://bwf.tournamentsoftware.com/player-profile/F35D773B-A48E-46FE-A8A7-C903425F90D2
110,1,111,ENG,Nicola CERFONTYNE,53341,13590,14,https://bwf.tournamentsoftware.com/player-profile/953F40C8-1DCD-407F-952E-0204E4CCA325
111,-3,108,SVK,Monika FASUNGOVA,55331,13583,14,https://bwf.tournamentsoftware.com/player-profile/CC98F48A-AB4E-473F-8654-0460763B002F
112,9,121,RUS,Natalia PERMINOVA,78605,13442,9,https://bwf.tournamentsoftware.com/player-profile/D5D25301-6DE3-44FF-9A00-6728CC96CFD5
113,-4,109,TPE,CHIANG Pei Hsin,54195,13430,8,https://bwf.tournamentsoftware.com/player-profile/AB5F3F60-2B93-4008-8048-4F2DCA5A1FBD
114,-4,110,HKG,CHAN Hung Yung,55289,13420,10,https://bwf.tournamentsoftware.com/player-profile/19C58DBE-640F-41FC-B8BD-3244B3C30932
115,-1,114,SLO,Spela SILVESTER,13562,12984,12,https://bwf.tournamentsoftware.com/player-profile/FAFDC3F0-2A8E-4ACD-9724-F4E8561BD1E9
116,-3,113,USA,Beiwen ZHANG,53806,12640,4,https://bwf.tournamentsoftware.com/player-profile/CDD166DD-3FA5-41E9-BEC8-AE7134F1DFC6
117,-2,115,KOR,HWANG Hye Youn,15409,12200,6,https://bwf.tournamentsoftware.com/player-profile/F9433E32-B512-4044-8C0A-83384886CE15
118,-2,116,THA,Rawinda PRAJONGJAI,84669,12110,8,https://bwf.tournamentsoftware.com/player-profile/3149C5AA-A825-4C95-8F7C-34A877F61C69
119,9,128,SCO,Linda SLOAN,53123,12110,8,https://bwf.tournamentsoftware.com/player-profile/4C0BD1D2-F7A3-47C2-9564-9A21C0521FF5
120,-3,117,INA,Bellaetrix MANUPUTTY,54248,12090,5,https://bwf.tournamentsoftware.com/player-profile/B70BD663-B33B-4222-AD45-233481D8AA52
121,-3,118,IND,Trupti MURGUNDE,13710,12065,6,https://bwf.tournamentsoftware.com/player-profile/BADF690E-5D0B-44D0-AFA3-C07558B3A0AB
122,-3,119,INA,Rosaria Yusfin PUNGKASARI,54150,12040,5,https://bwf.tournamentsoftware.com/player-profile/C05412DA-2D32-4718-B8F9-23757148C465
123,-3,120,ENG,Sarah WALKER,34240,12006,12,https://bwf.tournamentsoftware.com/player-profile/20EC2768-AEAE-4EC3-94D7-9860AD89252B
124,-2,122,NOR,Sara B KVERNO,50984,11750,16,https://bwf.tournamentsoftware.com/player-profile/8988E417-731E-4FB1-B769-54AB552BCD5F
125,-2,123,CHN,XIA Jingyun,18800,11750,3,https://bwf.tournamentsoftware.com/player-profile/F55537AA-1AB4-4A14-9601-B011649F0548
126,-2,124,USA,Iris WANG,57798,11694,18,https://bwf.tournamentsoftware.com/player-profile/BCA9B2D6-FF34-4FC7-99BC-39BBB9B85803
127,-2,125,ESP,Beatriz CORRALES,95780,11358,12,https://bwf.tournamentsoftware.com/player-profile/F428D761-FD1E-4FDC-A90F-54B4A70E68E8
128,-2,126,ENG,Rachel HOWARD,52145,11240,8,https://bwf.tournamentsoftware.com/player-profile/08DB8629-7616-4FE5-82CE-8118D6F3F57E
129,-2,127,CAN,Phyllis CHAN,74856,11220,7,https://bwf.tournamentsoftware.com/player-profile/EEE21EE2-BD91-46EC-98B9-E63174A947BF
130,4,134,FIN,Nanna VAINIO,42731,11176,12,https://bwf.tournamentsoftware.com/player-profile/12B64D14-6231-48E2-8976-752FDC464C55
131,-2,129,HKG,POON Lok Yan,55288,11150,12,https://bwf.tournamentsoftware.com/player-profile/B4A050E9-0D0E-4770-9598-3A386777A3CD
132,-2,130,TPE,PAI Yu Po,99925,11050,7,https://bwf.tournamentsoftware.com/player-profile/D86742D7-05F9-4302-889E-1126E17DE398
133,-2,131,JPN,OKA Hitomi,67092,11050,6,https://bwf.tournamentsoftware.com/player-profile/B94AA25B-0397-4A0E-9BEA-68CE0908D45C
134,-2,132,CHN,SUO Di,60835,11040,6,https://bwf.tournamentsoftware.com/player-profile/93E3C591-A9DA-4838-A260-7FA711FF3343
135,23,158,MAS,Lyddia Yi Yu CHEAH,52103,10960,6,https://bwf.tournamentsoftware.com/player-profile/0512A4F4-E243-44C9-BFF2-106FC5C9D295
136,0,136,JPN,Nozomi OKUHARA,96713,10750,5,https://bwf.tournamentsoftware.com/player-profile/2D28B50A-695D-4CC0-9DAD-633D35E87B4D
137,2,139,CRO,Andrea ZVORC,52253,10713,13,https://bwf.tournamentsoftware.com/player-profile/47E644E7-D3B7-4A85-A48F-734B6E3BCCF0
138,-1,137,UKR,Natalya VOYTSEKH,76910,10510,9,https://bwf.tournamentsoftware.com/player-profile/AB53C84F-48C7-44B5-A5B5-5817366550EE
139,-1,138,HKG,ZHOU Mi,7821,10390,3,https://bwf.tournamentsoftware.com/player-profile/D287D339-E399-41C0-9DA4-44BCCE5CDF40
140,0,140,TPE,HSU Ya Ching,74561,10340,7,https://bwf.tournamentsoftware.com/player-profile/4B25A917-38F2-4F2A-8C47-D6ED37E9E0C5
141,3,144,EST,Laura VANA,53705,10257,12,https://bwf.tournamentsoftware.com/player-profile/AEB2C272-8ED2-47C5-91DC-BB7BEA139CAA
142,-1,141,MEX,Cynthia GONZALEZ,24247,10060,9,https://bwf.tournamentsoftware.com/player-profile/294B0C57-827E-4C91-9BBD-CAA217057DE2
143,2,145,SRI,Renu Chandrika de Silva HETTIARACHCHIGE,10033,9850,9,https://bwf.tournamentsoftware.com/player-profile/93AE415B-C9FA-4104-97A1-36FBCC79CC06
144,-1,143,ISR,Ksenia POLIKARPOVA,67069,9810,8,https://bwf.tournamentsoftware.com/player-profile/C30F9FBA-1E9B-4683-A14E-76A35ECD6F2E
145,3,148,SRI,Thilini JAYASINGHE,15327,9590,9,https://bwf.tournamentsoftware.com/player-profile/16301127-9F4F-42B4-8707-26ACEF5AEE55
146,0,146,MAS,Sannatasah SANIRU,54151,9422,7,https://bwf.tournamentsoftware.com/player-profile/29413938-92A4-492F-8160-9110B2DF2942
147,-12,135,FRA,Barbara MATIAS,53323,9380,8,https://bwf.tournamentsoftware.com/player-profile/6AE7598D-7D34-47DA-99C1-E19DFF9E1583
148,-1,147,AUT,Claudia MAYER,15121,9280,16,https://bwf.tournamentsoftware.com/player-profile/6B83D152-5002-4632-B232-B2FC6ECB4D6A
149,0,149,TUR,Neslihan YIGIT,87885,9230,7,https://bwf.tournamentsoftware.com/player-profile/B458F084-183F-4AD9-87EC-B768664D0F18
150,0,150,CHN,CHEN Xiao Jia,16100,9120,3,https://bwf.tournamentsoftware.com/player-profile/10B2FC42-AE3E-461F-B9C9-8536324C984C
151,0,151,IND,Dhanya NAIR,15851,9020,5,https://bwf.tournamentsoftware.com/player-profile/7219BF18-DE09-4C0F-8C5E-82848828C267
152,-10,142,LTU,Akvile STAPUSAITYTE,14894,8998,9,https://bwf.tournamentsoftware.com/player-profile/BD009184-986D-4610-9B48-C13733873E46
153,-1,152,JPN,Kana ITO,52064,8930,5,https://bwf.tournamentsoftware.com/player-profile/AA5EA1B2-B41E-4A34-821E-90E3243E01A1
154,-1,153,AUS,Leanne CHOO,33833,8632,6,https://bwf.tournamentsoftware.com/player-profile/0F712DBF-A99A-4C6E-9DF7-C15BFE3F1597
155,-1,154,USA,Lauren TODT,53919,8570,11,https://bwf.tournamentsoftware.com/player-profile/5A70483C-14E0-4ED8-BC62-F92C77029FBE
156,5,161,IND,P. C. Thulasi,75410,8550,4,https://bwf.tournamentsoftware.com/player-profile/4FBDC6A6-2B8F-42B2-8247-A997F9A6DD20
157,-2,155,DEN,Camilla SORENSEN,51642,8422,4,https://bwf.tournamentsoftware.com/player-profile/A59E1030-D98C-4FCE-B539-9F4F3F83DB40
158,-2,156,JPN,Naoko FUKUMAN,56251,8340,5,https://bwf.tournamentsoftware.com/player-profile/54B16BF7-8549-467D-8B0D-6F13CC69EAE4
159,-2,157,CAN,Anna RICE,12916,8340,4,https://bwf.tournamentsoftware.com/player-profile/151521E8-BAF1-4FF4-82DD-E44A0000835B
160,-1,159,CHN,YAO Xue,76908,8190,5,https://bwf.tournamentsoftware.com/player-profile/A442CA12-A3DE-4388-B0AC-2D7C1F222CE2
161,10,171,MAR,Rajae ROCHDY,89791,8070,10,https://bwf.tournamentsoftware.com/player-profile/3259528B-3E9C-4A6A-ACB4-3EAC9E822E1E
162,-2,160,JPN,Misaki MATSUTOMO,43851,7960,5,https://bwf.tournamentsoftware.com/player-profile/3319278B-2545-4645-902F-16E00D23B3B2
163,-1,162,THA,Chanida JULRATTANAMANEE,46877,7840,5,https://bwf.tournamentsoftware.com/player-profile/1EC8D93B-DC79-4C32-ACF3-A9762200065E
164,-1,163,INA,Febby ANGGUNI,66963,7710,5,https://bwf.tournamentsoftware.com/player-profile/5262FCEC-B9CC-40CB-9342-3BE772EB5371
165,-1,164,NED,Josephine WENTHOLT,70560,7693,5,https://bwf.tournamentsoftware.com/player-profile/06908DEE-25B2-400D-A9F6-36C0F50C15EB
166,-1,165,FRA,Marie MAUNOURY,93614,7580,9,https://bwf.tournamentsoftware.com/player-profile/4A90FA96-E1CC-4FAE-9D77-E5F05CFB3343
167,-1,166,IND,Mohita SAHDEV,48127,7520,5,https://bwf.tournamentsoftware.com/player-profile/BC6AB3EF-544D-4E78-9FC8-00EF0680615D
168,-1,167,UKR,Mariya DIPTAN,54451,7500,5,https://bwf.tournamentsoftware.com/player-profile/67816324-4B70-4D70-8333-1F3485C9411A
169,13,182,VIE,Thi Trang (B) VU,71455,7470,6,https://bwf.tournamentsoftware.com/player-profile/8DC67D7E-A311-4F87-BC5A-009644CCFD6D
170,-2,168,RUS,Romina GABDULLINA,10408,7390,5,https://bwf.tournamentsoftware.com/player-profile/1D3A9AD5-3538-45C9-B4E5-FE89A2F38B37
171,-2,169,MEX,Deyanire ANGULO,55132,7300,10,https://bwf.tournamentsoftware.com/player-profile/2E4E8C2A-101A-427C-BB44-D8B51E1FC68A
172,-2,170,CAN,Valerie ST JACQUES,53022,7250,8,https://bwf.tournamentsoftware.com/player-profile/1D50CB34-0B5E-4BE2-AA7E-5F823E1A0AB2
173,-1,172,INA,Renna SUWARNO,31679,7120,5,https://bwf.tournamentsoftware.com/player-profile/46DF309D-4B30-4B20-97C8-287E991EA3A0
174,-1,173,INA,Maria Elfira CHRISTINA,14707,7080,4,https://bwf.tournamentsoftware.com/player-profile/57F23BEF-0A9F-4775-B881-B55976008FFC
175,-1,174,JPN,Yui HASHIMOTO,43256,7040,4,https://bwf.tournamentsoftware.com/player-profile/150A85EA-A7A3-4D93-BFA6-604B6E83E0CC
176,-1,175,MAS,"Florah, Sew Fong NG",54803,7030,7,https://bwf.tournamentsoftware.com/player-profile/89F1EC4F-9DB2-499C-AFDC-626671E20F50
177,-1,176,INA,Hera DESI,35662,7020,5,https://bwf.tournamentsoftware.com/player-profile/AA5C703C-8B0A-475C-A1E4-A5E9E63C1FC3
178,-1,177,DEN,Camilla MARTENS,44738,6950,5,https://bwf.tournamentsoftware.com/player-profile/5940AEED-933D-44A9-A4ED-699373091948
179,-1,178,MAS,Anita Raj KAUR,53483,6930,5,https://bwf.tournamentsoftware.com/player-profile/899048A8-0C88-439E-8946-C8690E7D2FAB
180,-1,179,KOR,SEO Yoon Hee,51326,6920,2,https://bwf.tournamentsoftware.com/player-profile/C0AB4923-E432-4D0B-AB91-3FBC605572E5
181,-1,180,RUS,Elena KOMENDROVSKAJA,36996,6880,5,https://bwf.tournamentsoftware.com/player-profile/F18E3300-304E-4900-81D4-A61B00477BCE
182,-1,181,MEX,Chinas AILEEN,36245,6834,8,https://bwf.tournamentsoftware.com/player-profile/4BE78238-E7A1-41C5-9F04-62CE32505CA4
183,0,183,TUR,Cemre FERE,89027,6800,6,https://bwf.tournamentsoftware.com/player-profile/C54748E3-652B-4797-9814-427BBC5CED72
184,17,201,FRA,Teshana VIGNES WARAN,61901,6730,10,https://bwf.tournamentsoftware.com/player-profile/93E76311-B782-47DC-9D72-EFEE55FAC958
185,-1,184,ENG,Fontaine Mica WRIGHT,55536,6670,7,https://bwf.tournamentsoftware.com/player-profile/C4017C5A-7B06-478F-B2B7-CAAE83925570
186,-1,185,TUR,Neslihan KILIC,87550,6660,6,https://bwf.tournamentsoftware.com/player-profile/838B07C4-7052-4A79-9281-2E2DB6A33009
187,18,205,GER,Lisa HEIDENREICH,59289,6650,7,https://bwf.tournamentsoftware.com/player-profile/BEFEC8D3-1D0D-450F-8A11-30C66FC8BC75
188,-2,186,RUS,Darina ZHURBA,53675,6580,6,https://bwf.tournamentsoftware.com/player-profile/896339F7-68F8-48E5-9973-336453574E90
189,-2,187,JPN,Sayaka TAKAHASHI,34890,6520,3,https://bwf.tournamentsoftware.com/player-profile/7AB4EC1B-2FFD-4610-8090-5C63F5AF24D2
190,-2,188,POL,Malgorzata JANIACZYK,15373,6484,7,https://bwf.tournamentsoftware.com/player-profile/25F2BB31-2B88-401E-AADB-DBC8F8EB2BCE
191,-2,189,MRI,Karen FOO KUNE,9775,6400,6,https://bwf.tournamentsoftware.com/player-profile/F05EDD87-D22E-4739-8823-FA88C5B66E73
192,6,198,IND,Neha PANDIT,81493,6260,4,https://bwf.tournamentsoftware.com/player-profile/0ACCE00D-4A56-4C46-9F36-555A615A8104
193,-3,190,SCO,Kirsty GILMOUR,48528,6250,5,https://bwf.tournamentsoftware.com/player-profile/5DDC41B8-6CC4-4FA2-81DD-D9C7393C4107
194,-3,191,GER,Fabienne DEPREZ,21854,6246,8,https://bwf.tournamentsoftware.com/player-profile/6A01B36E-A085-43A7-B540-7A047771F982
195,-3,192,IND,Arundhati PANTAWANE,21036,6220,3,https://bwf.tournamentsoftware.com/player-profile/A633403F-397D-416A-AD71-CCB1FE0CD56F
196,-3,193,IND,PUSARLA V. Sindhu,73173,6220,2,https://bwf.tournamentsoftware.com/player-profile/0BF2D10A-66EB-4B90-BB4B-3F70D4ADAD99
197,-1,196,EGY,Hadia HOSNY,52901,6130,8,https://bwf.tournamentsoftware.com/player-profile/D64EDC94-6596-4D81-975D-874105236552
198,-4,194,TPE,CHENG Chi Ya,92339,6090,5,https://bwf.tournamentsoftware.com/player-profile/900B353C-1B85-494F-8BEB-7364FA72A608
199,-4,195,IND,Sanyogita GHORPADE,57564,6090,3,https://bwf.tournamentsoftware.com/player-profile/D756E78F-8049-4FFC-97AE-BDE2F51A068B
200,-3,197,JPN,Yuka KUSUNOSE,86373,5960,3,https://bwf.tournamentsoftware.com/player-profile/A8C9EE1C-F8F6-4A4C-9903-711CB793D337
201,-2,199,INA,Maziyyah NADHIR,26019,5880,5,https://bwf.tournamentsoftware.com/player-profile/F108FEC0-B416-4B2B-8126-F3B7E95E9512
202,-2,200,MEX,Mariana UGALDE,61244,5820,6,https://bwf.tournamentsoftware.com/player-profile/AAD4695F-D800-4132-ABE2-3C3B7E8B1C65
203,-1,202,RUS,Anastasiia AKCHURINA,33989,5810,4,https://bwf.tournamentsoftware.com/player-profile/B70F81D9-7018-471D-A2C7-35CB69D185E8
204,-1,203,AUS,Chia-Chi HUANG,7068,5793,2,https://bwf.tournamentsoftware.com/player-profile/8D27487E-163E-4CF4-B586-DE2816712315
205,-1,204,INA,Rizki Amelia PRADIPTA,91654,5760,5,https://bwf.tournamentsoftware.com/player-profile/7D85998E-CB37-4E4C-A154-3A3B779A99FA
206,8,214,VIE,Thu Huyen LE,18115,5720,7,https://bwf.tournamentsoftware.com/player-profile/BA88867C-CAF1-472C-98BC-1428C4A38ADE
207,3,210,GER,Claudia VOGELGSANG,6891,5670,10,https://bwf.tournamentsoftware.com/player-profile/C055CF08-3489-408F-937A-BE4B20EEB724
208,-2,206,DEN,Camilla OVERGAARD,42729,5670,6,https://bwf.tournamentsoftware.com/player-profile/6695FAD2-AE85-4394-84F3-3B3A686F63B8
209,-2,207,BRA,Fabiana SILVA,52908,5646,5,https://bwf.tournamentsoftware.com/player-profile/F4448B93-2D61-49DB-A6DB-8405832DB8BB
210,-2,208,CZE,Zuzana PAVELKOVA,34229,5580,14,https://bwf.tournamentsoftware.com/player-profile/AA01B868-138F-4600-9033-6795DDA09449
211,-2,209,KOR,KANG Hae Won,53324,5550,3,https://bwf.tournamentsoftware.com/player-profile/73250203-3111-4EC5-B6C5-B13E0DB88AA0
212,-1,211,AUS,Renuga VEERAN,15717,5479,2,https://bwf.tournamentsoftware.com/player-profile/AFB4AA50-B517-42E0-B9E5-91003C5DFFAA
213,-1,212,BRA,Yasmin CURY,40080,5470,8,https://bwf.tournamentsoftware.com/player-profile/4A7DED26-C7A5-4664-9534-103E83CAE620
214,-1,213,IND,Gayatri VARTAK,60113,5410,3,https://bwf.tournamentsoftware.com/player-profile/8D2C82EE-8DD9-4E20-8401-9DA9CE6D241D
215,0,215,RUS,Evgeniya KOSETSKAYA,92400,5390,7,https://bwf.tournamentsoftware.com/player-profile/6EDDEE76-2C2D-4223-8514-DD504DB44B54
216,0,216,INA,PURWANINGTYAS Elyzabeth,30083,5390,3,https://bwf.tournamentsoftware.com/player-profile/28800625-989B-4965-8B97-4B18E384E1FA
217,0,217,KOR,LEE Yun Hwa,15410,5316,5,https://bwf.tournamentsoftware.com/player-profile/6D828D81-9360-4140-BF0C-4E3E872F043D
218,0,218,ENG,Sarah MILNE,98866,5270,6,https://bwf.tournamentsoftware.com/player-profile/4C7D727C-4464-45EF-B0BC-DADEABC9ADB6
219,0,219,WAL,Sarah THOMAS,49913,5223,7,https://bwf.tournamentsoftware.com/player-profile/A82190E2-CA52-48D7-BB89-139AD422B295
220,0,220,INA,Melicia KURNIAWAN,54185,5150,8,https://bwf.tournamentsoftware.com/player-profile/46993FD1-AB9E-4A39-9669-5AC780CBF6EA
221,0,221,MAS,Soniia CHEAH,18143,4968,4,https://bwf.tournamentsoftware.com/player-profile/52D1D9D3-8C2F-4DE5-90D4-9CE24142C0D0
222,0,222,AUS,Erica PONG,53719,4885,2,https://bwf.tournamentsoftware.com/player-profile/5724720B-E330-4077-8415-F56BD936F4CE
223,0,223,RSA,Stacey DOUBELL,46778,4875,3,https://bwf.tournamentsoftware.com/player-profile/12A7A70A-6904-4437-8097-D2D031266B1A
224,0,224,CAN,Alex BRUCE,30962,4870,9,https://bwf.tournamentsoftware.com/player-profile/ADA950F2-D4CC-4F9C-9573-B9D3925A30A6
225,0,225,LAT,Kristine SEFERE,10625,4826,10,https://bwf.tournamentsoftware.com/player-profile/17E57020-4577-44A6-A39B-002C242ED400
226,50,276,GER,Kim BUSS,54450,4770,8,https://bwf.tournamentsoftware.com/player-profile/D7417844-EC48-46F6-BA42-5BE62095BE60
227,0,227,THA,Nittayaporn NIPATSANT,82235,4730,4,https://bwf.tournamentsoftware.com/player-profile/E11D1F0C-1AC6-4D03-B10D-EDC636370E76
227,0,227,ESP,Sandra CHIRLAQUE,53968,4730,4,https://bwf.tournamentsoftware.com/player-profile/F85493FD-8DB9-4CEB-B80A-CCB5BE270EC9
229,8,237,SRI,Achini RATNASIRI,68295,4720,3,https://bwf.tournamentsoftware.com/player-profile/D232088D-6866-49CF-BD24-2DD03C2EC38C
230,-1,229,HKG,NG Ka Shun,50122,4570,6,https://bwf.tournamentsoftware.com/player-profile/C5BBAFAF-BBE6-40F4-B6B9-0701330FA3E9
231,-1,230,RUS,Irina KHLEBKO,97302,4530,4,https://bwf.tournamentsoftware.com/player-profile/6A63D1A9-08CD-4F2E-B3DB-3F059117258E
232,-1,231,IND,Mudra DHAINJE,94335,4510,3,https://bwf.tournamentsoftware.com/player-profile/6143E011-E3FF-4596-8786-58F6DF239A7A
233,-1,232,HUN,Orsolya VARGA,51849,4480,8,https://bwf.tournamentsoftware.com/player-profile/B4AB396E-AFBB-4BB4-A20E-03D1F06D9F89
234,11,245,BUL,Diana DIMOVA,13353,4430,6,https://bwf.tournamentsoftware.com/player-profile/FB022C4E-F557-4F00-B9EB-C12DAE0D493A
234,-1,233,SGP,Ting Ting THNG,53792,4430,6,https://bwf.tournamentsoftware.com/player-profile/BE994930-E9E9-462C-8612-C077A0669871
236,-1,235,IND,Anita OHLAN,55364,4420,2,https://bwf.tournamentsoftware.com/player-profile/8430FADA-664E-4517-8F2D-347C8303C15D
237,-1,236,MAS,Chee Evelyn YI LYN,60859,4410,5,https://bwf.tournamentsoftware.com/player-profile/FC2E6D6B-7367-4C62-AA4F-99A42457BA8E
238,0,238,BUL,Dimitria POPSTOIKOVA,53891,4380,5,https://bwf.tournamentsoftware.com/player-profile/EF9C642D-A143-44FB-BC4A-E075F47DE12F
239,0,239,IRI,Sahar ZAMANIAN,52175,4320,4,https://bwf.tournamentsoftware.com/player-profile/F2B0B1A7-4514-4821-B1CB-D3405DF83887
240,0,240,CHI,Tingting CHOU,13785,4307,5,https://bwf.tournamentsoftware.com/player-profile/2EAF98CB-33D6-43A0-8AF2-84E8E5D03BED
241,0,241,MAS,Sin Er NG,33411,4300,5,https://bwf.tournamentsoftware.com/player-profile/5A3FCDFC-4DA3-4061-9A77-A4F1F8775470
242,0,242,DEN,Line Højmark KJAERSFELDT,63437,4290,3,https://bwf.tournamentsoftware.com/player-profile/9E63BADD-7736-4CFF-89E8-8B21A88B2E7B
243,-17,226,RUS,Anastasia KHARLAMPOVICH,25776,4270,8,https://bwf.tournamentsoftware.com/player-profile/C8CE0095-78EB-4080-ABB4-1A7CC9A22C4E
244,-1,243,MAS,LIM Yin Fun,62867,4270,5,https://bwf.tournamentsoftware.com/player-profile/52E2A2F5-1018-41B8-804A-B0023B1DC156
245,-1,244,KOR,JANG(F) Soo Young,52782,4270,3,https://bwf.tournamentsoftware.com/player-profile/60833095-72D1-48DA-AE46-FB1226A8FDEA
246,12,258,INA,Yeni ASMARANI,97185,4230,4,https://bwf.tournamentsoftware.com/player-profile/8918D1B7-3BB0-46F8-A6BE-181F22DA8861
247,-1,246,CHI,Natalia VILLEGAS NORAMBUENA,10855,4185,5,https://bwf.tournamentsoftware.com/player-profile/FBA27E07-1F26-48BC-990F-6AD6CBD9DDE1
248,-1,247,INA,Gustiani MEGAWATI,15814,4180,5,https://bwf.tournamentsoftware.com/player-profile/F46B7E53-1FB0-43EA-BA3F-BCA08C194016
249,-1,248,DEN,Nanna BROSOLAT JENSEN,51641,4130,4,https://bwf.tournamentsoftware.com/player-profile/F8300C77-CEEB-4B83-A2E4-CBA3B0102796
249,-1,248,IRI,Negin AMIRIPOUR,52180,4130,4,https://bwf.tournamentsoftware.com/player-profile/8D809A86-8B3C-4569-A6E2-901ADC24CB4A
251,-1,250,IND,Tanvi LAD,66615,4120,2,https://bwf.tournamentsoftware.com/player-profile/10A5744C-0F05-4E99-BD3A-19CE06D7D11C
252,-1,251,KOR,KWON Hee Sook,15406,4050,2,https://bwf.tournamentsoftware.com/player-profile/8FEA68A1-E53B-4D54-845B-0A0B8D1E0044
253,-1,252,SUI,Nicole SCHALLER,82656,4040,3,https://bwf.tournamentsoftware.com/player-profile/7E3E2135-BA24-4EAB-9E1F-F93163E15DA0
254,-1,253,HKG,DENG Joy Xuan,62313,4030,3,https://bwf.tournamentsoftware.com/player-profile/2F1ADA75-59A4-4754-A53F-5B44C944F056
255,-1,254,RUS,Svetlana KOROTISHEVA,74334,3980,5,https://bwf.tournamentsoftware.com/player-profile/DA9C5D74-3C02-4A6E-8549-6F1F20F38DBE
256,-1,255,JPN,Eriko TAMAKI,46485,3970,3,https://bwf.tournamentsoftware.com/player-profile/4DF95EAD-4C07-4877-B11E-A7B1822E5FB7
257,-1,256,RUS,DANCHENKO Anastasiya,84249,3960,3,https://bwf.tournamentsoftware.com/player-profile/6ACFB7AE-4A0B-45EA-B204-0B541A52664A
258,-1,257,MAS,Li Lian YANG,63369,3940,4,https://bwf.tournamentsoftware.com/player-profile/88F876A4-FF82-4EBE-87B9-1D5AE4EE26D9
259,0,259,USA,Priscilla LUN,24987,3830,5,https://bwf.tournamentsoftware.com/player-profile/BF466006-DBC4-4429-8BBD-CBD786140D1E
260,0,260,ROU,Sonia RATIU,80494,3780,5,https://bwf.tournamentsoftware.com/player-profile/3DEAEE60-F896-4A2C-86D2-875051E902F1
261,0,261,IND,Sampada SAHASRABUDDHE,27829,3760,3,https://bwf.tournamentsoftware.com/player-profile/95831F6B-1623-44A5-947C-99156E97DE6E
261,0,261,IND,Saili RANE,56471,3760,3,https://bwf.tournamentsoftware.com/player-profile/616B2716-1AC7-49AB-83F1-15BE3B213FAD
263,0,263,AUS,Sylvina KURNIAWAN,54148,3720,2,https://bwf.tournamentsoftware.com/player-profile/D16CDBC2-C863-4B01-B8AA-40234B0C4128
263,0,263,INA,Hanna RAMADINI,97207,3720,2,https://bwf.tournamentsoftware.com/player-profile/B928B2B8-94FD-419C-9C5A-A26758D5DAB3
265,0,265,TUR,Ebru TUNALI,39255,3690,4,https://bwf.tournamentsoftware.com/player-profile/4F6E69D0-3719-4A63-BC12-77FBD26926FF
266,0,266,POR,Helena PESTANA,37731,3675,3,https://bwf.tournamentsoftware.com/player-profile/6411AA8A-EB3A-4241-8CD3-ABDDAA4A9DAF
267,0,267,JPN,Kurumi YONAO,56417,3580,3,https://bwf.tournamentsoftware.com/player-profile/9A88A939-A90E-49BF-B8FF-9B476CCB49CF
268,0,268,INA,Putri MUTHIA,10020,3540,3,https://bwf.tournamentsoftware.com/player-profile/06A46771-5404-4EB5-93B6-5EAC8CFC3BB5
269,0,269,BRA,Andressa SANTOS,55801,3490,4,https://bwf.tournamentsoftware.com/player-profile/0246EECC-ED44-4190-8043-9313BDCE7C04
270,0,270,AUT,Miriam GRUBER,14373,3370,5,https://bwf.tournamentsoftware.com/player-profile/ACE09D45-3FC9-4376-992B-8316A2849A86
271,0,271,CHN,WANG Linling,73608,3370,2,https://bwf.tournamentsoftware.com/player-profile/93B7165A-5EB2-412F-9FC4-41C777B2AFAD
272,0,272,RSA,Kerry-Lee HARRINGTON,51660,3357,2,https://bwf.tournamentsoftware.com/player-profile/260AD2FF-78CB-49FC-B428-A57D65839E4A
273,0,273,THA,Pavita ISSARIYANETH,37208,3350,2,https://bwf.tournamentsoftware.com/player-profile/EE84E207-FF1F-470A-AB8A-E0F8FB871C6B
274,90,364,BEL,Debbie JANSSENS,55319,3310,6,https://bwf.tournamentsoftware.com/player-profile/506FB754-6CDA-440B-9B27-2C6D6BEE5A7A
275,-1,274,ENG,Panuga RIOU,79055,3300,3,https://bwf.tournamentsoftware.com/player-profile/2CF928B8-611A-49B5-A3F5-8D6DDF620922
276,-1,275,JPN,Ayumi MINE,69082,3270,3,https://bwf.tournamentsoftware.com/player-profile/9E49CB32-59C3-4A96-8439-5D35CDBB19B8
277,0,277,PER,Katherine WINDER,54561,3230,4,https://bwf.tournamentsoftware.com/player-profile/7045A784-7A9B-4A98-8C91-8C7EC49E17CB
278,43,321,DEN,Maria HERSKIND,37794,3160,6,https://bwf.tournamentsoftware.com/player-profile/15B2CFC4-458A-481B-AAFE-C2F864D5577B
279,0,279,SUI,Marion GRUBER,52300,3120,6,https://bwf.tournamentsoftware.com/player-profile/03F3A68A-A02F-4592-996B-AEA43838ED0A
280,0,280,ENG,Alexandra LANGLEY,30606,3120,4,https://bwf.tournamentsoftware.com/player-profile/BE78D303-6C38-4723-99C2-1D5A22717D53
281,0,281,THA,Busanan ONGBAMRUNGPHAN,58271,3120,2,https://bwf.tournamentsoftware.com/player-profile/2E8E31B9-0832-43E8-A7CC-A620D9DF8DE0
282,44,326,BEL,Jelske SNOECK,48948,3100,8,https://bwf.tournamentsoftware.com/player-profile/A2260F7F-6111-49CF-AC03-0BDD3B7EEBDE
283,-1,282,RUS,Maria KOROBEYINKOVA,72668,3100,5,https://bwf.tournamentsoftware.com/player-profile/8B3624E2-9A28-4C1B-9032-2865F98F53B0
284,-1,283,DEN,Lene CLAUSEN,20231,3050,7,https://bwf.tournamentsoftware.com/player-profile/886A454F-56C8-47F1-BCB8-6EAAAB0DEED2
285,-1,284,EGY,Alaa YOUSSEF,52899,3050,2,https://bwf.tournamentsoftware.com/player-profile/F885DC1E-D2B5-4E52-B421-7C08EC9A9DDA
286,-1,285,GUA,Ana Lucia DE LEON,93262,3040,3,https://bwf.tournamentsoftware.com/player-profile/5816B8A9-22F6-4695-92DD-5EA639440296
287,-1,286,RUS,Irina INOZEMCEVA,25900,3020,4,https://bwf.tournamentsoftware.com/player-profile/3ECA7069-118C-46BC-9D5A-F8632E3BE9BD
288,-1,287,INA,Siti Anida LESTARI QORYATIN,56826,2890,2,https://bwf.tournamentsoftware.com/player-profile/FB74659D-BA3D-4EE5-B550-68B21EFC342E
289,-1,288,IND,Juhi DEWANGAN,67854,2840,2,https://bwf.tournamentsoftware.com/player-profile/9A4AFE85-266D-46C6-BB6D-307E5BDD1E1A
290,-1,289,SUI,Huwaina RAZI,51366,2830,6,https://bwf.tournamentsoftware.com/player-profile/D8CF5674-477A-422C-A18C-4E740B850D1A
291,-1,290,CZE,Dominika KOUKALOVA,54455,2750,5,https://bwf.tournamentsoftware.com/player-profile/8A90BE81-0834-4033-8CE3-D55EA38D3DA3
292,-1,291,THA,Thidarat KLEEBYEESOON,37639,2750,2,https://bwf.tournamentsoftware.com/player-profile/16CA6D7B-C80A-41FC-9CC0-139C1CF0E34A
292,-1,291,SYR,MAHMOUD SANA,25319,2750,2,https://bwf.tournamentsoftware.com/player-profile/A24C1A88-F278-4101-84FC-053B65F72809
294,-1,293,RSA,Michelle BUTLER-EMMETT,51335,2740,2,https://bwf.tournamentsoftware.com/player-profile/749D7C82-B245-4B6D-9C38-FAFDAA452822
295,-1,294,BRA,Claudia LOW,88039,2690,2,https://bwf.tournamentsoftware.com/player-profile/650DBEE5-4643-4CA2-ABE1-5061F9D92BC3
296,-62,234,ENG,Helen DAVIES,55010,2680,2,https://bwf.tournamentsoftware.com/player-profile/B2BF1460-8573-4C6F-BDEA-0DA28E4BB75D
297,-2,295,EGY,Nadine ASHRAF,71367,2660,3,https://bwf.tournamentsoftware.com/player-profile/F87A025B-E2C8-4061-AFD6-0377037B2C70
298,-2,296,POL,Aleksandra WALASZEK,54544,2630,5,https://bwf.tournamentsoftware.com/player-profile/8C771BCF-D86F-4BF8-BF05-E5452C1BD195
298,-2,296,SLO,Tina KODRIC,30255,2630,5,https://bwf.tournamentsoftware.com/player-profile/ABBF40AE-FA6B-43C7-A58E-BE67EEE3BC9F
300,8,308,BRA,Lohaynny VICENTE,74742,2620,4,https://bwf.tournamentsoftware.com/player-profile/DD752B8C-F0A7-48EC-934F-F3DEAB208BB3
301,-3,298,RUS,Anastasia NAZARCHUK,65304,2610,3,https://bwf.tournamentsoftware.com/player-profile/E4DB5A19-6CB6-4E75-9EC9-EB60A42FC916
302,-3,299,AUS,Victoria NA,53816,2600,3,https://bwf.tournamentsoftware.com/player-profile/A5221E02-049F-4681-A53A-234EC7CF91D3
303,-3,300,CZE,Miroslava VASKOVA,52195,2590,7,https://bwf.tournamentsoftware.com/player-profile/26AAC5DA-1D79-4018-82BB-DC8D9FFE20D3
304,-3,301,NCL,Johanna KOU,13882,2590,2,https://bwf.tournamentsoftware.com/player-profile/8CB3547A-BCB1-475C-BBCA-29E25BA7F259
305,-3,302,FRA,Shinta SAICHE,13075,2580,7,https://bwf.tournamentsoftware.com/player-profile/0B209D06-CDB2-4598-993E-00AFFE588B20
306,-3,303,SRI,Gayanthi NADEESHA,13709,2560,4,https://bwf.tournamentsoftware.com/player-profile/02D743F7-D456-4EB3-8749-52ECEB84B72A
307,-3,304,TPE,CHEN Shih Ying,54128,2560,2,https://bwf.tournamentsoftware.com/player-profile/43FE5711-962B-48A3-951D-EC47DE5F517A
308,-3,305,WAL,Bethan HIGGINSON,57532,2540,3,https://bwf.tournamentsoftware.com/player-profile/AAF5B2B8-1E1B-4D81-9D0E-FFEED09BA0DA
309,-3,306,VIE,Nguyen Phuong Nhi PHUNG,68512,2530,3,https://bwf.tournamentsoftware.com/player-profile/F5A0F9D7-AFA4-4A64-A581-963A9C6D1FCE
310,18,328,NED,Mireille VAN DAAL,85574,2520,5,https://bwf.tournamentsoftware.com/player-profile/EA8A5F35-6B11-4DE2-8407-0689B9523A45
311,-4,307,CAN,Roxanne FRASER,75843,2520,4,https://bwf.tournamentsoftware.com/player-profile/44D6EF23-A5E8-46AA-B8D1-3CEAF5C30499
312,51,363,MAS,Julia Pei Xian WONG,15712,2460,3,https://bwf.tournamentsoftware.com/player-profile/EB9FC589-8194-4765-B1F6-05C0AFA39C8C
313,-4,309,RUS,Victoria SLOBODYANYUK,67073,2440,2,https://bwf.tournamentsoftware.com/player-profile/45E069FC-91E0-4286-A390-A0F6CDCBB79B
313,-4,309,JPN,Yoshimi HATAYA,51437,2440,2,https://bwf.tournamentsoftware.com/player-profile/4263C309-01D9-4C73-AFED-EA54BA3B5B84
313,-4,309,PUR,Santana DANEYSHA,81644,2440,2,https://bwf.tournamentsoftware.com/player-profile/AC801EE3-5233-47DC-BD5A-1E0F9D162290
316,-4,312,JEY,Solen PASTUREL,14984,2400,4,https://bwf.tournamentsoftware.com/player-profile/7DB35941-3F5B-46C4-8B5E-0240E1494986
317,-4,313,INA,Tieke ARIEDANINGRUM,54257,2390,3,https://bwf.tournamentsoftware.com/player-profile/EA639871-B002-46F2-9D21-8FBAE0AD8582
318,-3,315,FRA,Lea PALERMO,98329,2390,2,https://bwf.tournamentsoftware.com/player-profile/D46E1C7B-3C9B-4043-82E8-E46A18833652
319,-3,316,TPE,LU Chia Chien,35366,2330,2,https://bwf.tournamentsoftware.com/player-profile/E65881B1-324F-4161-87EC-6C58853C2DEA
320,-3,317,IRI,Soraya AGHAEIHAJIAGHA,45380,2290,2,https://bwf.tournamentsoftware.com/player-profile/F2E4454F-562F-4E0D-A355-671228E10CFE
321,-3,318,LAT,Ieva POPE,87721,2285,9,https://bwf.tournamentsoftware.com/player-profile/CC96AA69-7907-4326-8240-85EB44C029F9
322,-3,319,ENG,Kate ROBERTSHAW,60805,2269,4,https://bwf.tournamentsoftware.com/player-profile/2C9771AA-90D3-4E3D-8FFD-7056A43DE4E2
323,-3,320,CHI,Camila MACAYA,34449,2260,4,https://bwf.tournamentsoftware.com/player-profile/DBF58044-4FAA-41DB-A5B6-24BD8DF2CDEC
324,10,334,BRA,Luana VICENTE,94010,2250,5,https://bwf.tournamentsoftware.com/player-profile/8CD8EE05-2E99-4CA7-99DA-3BF60975DF2C
325,-3,322,RSA,Jade MORGAN,46779,2231,2,https://bwf.tournamentsoftware.com/player-profile/594E8F96-ABA4-45E6-8A6E-11154B842003
326,-3,323,EGY,Asmaa BADIE TAWFEEK,65008,2220,2,https://bwf.tournamentsoftware.com/player-profile/81CDB55A-801E-433F-A73D-4BEFD211D671
327,-3,324,KAZ,Veronika SOROKINA,57025,2200,3,https://bwf.tournamentsoftware.com/player-profile/5C75CB6C-E000-40E0-B4C0-38D10C13C6A6
327,-3,324,IRI,Sara DELAVARI KASHANI,69729,2200,3,https://bwf.tournamentsoftware.com/player-profile/DF600FB7-BF03-4EF2-89C0-4116C44899BC
329,-2,327,INA,Dinar Dyah AYUSTINE,61665,2180,2,https://bwf.tournamentsoftware.com/player-profile/A406399D-77F5-49D5-AB23-E923E97357B9
330,-1,329,DEN,Christina ANDERSEN,52810,2120,3,https://bwf.tournamentsoftware.com/player-profile/BC3E8C77-E6C3-4103-B598-8C4E2ADCF328
331,-1,330,ENG,Helena LEWCZYNSKA,27030,2090,3,https://bwf.tournamentsoftware.com/player-profile/77BEFCCF-B087-44BB-8DFD-9588B32E70D6
332,-1,331,RUS,Karina NAZAROVA,62021,2090,2,https://bwf.tournamentsoftware.com/player-profile/117E445C-B112-4A37-B9FB-6E1F56F00255
332,-1,331,NCL,Magali BRAVO,65406,2090,2,https://bwf.tournamentsoftware.com/player-profile/4CD43FEC-67DC-42A6-8AB5-7CE37D2E1402
332,-1,331,BAN,Alina SULTANA,94843,2090,2,https://bwf.tournamentsoftware.com/player-profile/D8FE7929-9348-45BF-AC05-4310D4396F21
335,0,335,SYR,Hadil KAREEM,15485,2070,2,https://bwf.tournamentsoftware.com/player-profile/6ACA94B2-6D26-474E-A9E2-AD23D9A5200A
336,0,336,INA,Yulia Yosephine SUSANTO,67996,2060,3,https://bwf.tournamentsoftware.com/player-profile/96DBC307-6185-4DAB-B520-9A51662D3805
337,77,414,FRA,Julie DELAUNE,52982,2050,5,https://bwf.tournamentsoftware.com/player-profile/C1359FD1-C61C-443E-88FE-951E840B9BCC
338,-1,337,AUS,Tara PILVEN,74426,2050,2,https://bwf.tournamentsoftware.com/player-profile/A854D914-03DD-4F20-B6BF-FB96D2FDEDCE
338,-1,337,AUS,Sarah WONG,82835,2050,2,https://bwf.tournamentsoftware.com/player-profile/D5A10607-8F08-48C5-B9FF-2B554793A7B0
338,-1,337,AUS,Jacqueline GUAN,58095,2050,2,https://bwf.tournamentsoftware.com/player-profile/6470861F-63F9-4F04-A0C8-3067755A2533
341,-1,340,ENG,Munn Tzin BONG,34191,2040,4,https://bwf.tournamentsoftware.com/player-profile/40F4F6D4-E9FD-49CE-941E-7A9CB0DA7472
342,-1,341,NED,Thamar PETERS,71330,2030,5,https://bwf.tournamentsoftware.com/player-profile/2FC5392F-47C3-4ACE-B573-8F2EA72B3EC2
343,-1,342,VEN,Gabriela ARAUJO,87657,2000,3,https://bwf.tournamentsoftware.com/player-profile/7D8116BF-1BED-42DB-8013-71FBA9FA6443
344,-1,343,KOR,LEE Sohee,91292,1980,2,https://bwf.tournamentsoftware.com/player-profile/4DAE6313-51EB-4898-971A-F2BB982F88A2
345,-1,344,SUR,Priscila TJITRODIPO,53479,1970,2,https://bwf.tournamentsoftware.com/player-profile/50DC9A8A-2C8A-4EC1-9990-54ECA1C82904
346,-1,345,VIE,Thi Mai Anh NGUYEN,93717,1960,4,https://bwf.tournamentsoftware.com/player-profile/C0A8BCAD-0817-4A3D-9566-0B40F108241C
347,-1,346,SUI,Sanya HERZIG,55524,1940,8,https://bwf.tournamentsoftware.com/player-profile/786E39B9-821C-48F8-A4D7-12B834865E6F
348,-1,347,HUN,Monika SZOKE,66695,1937,7,https://bwf.tournamentsoftware.com/player-profile/A6D3FE50-E39F-4A9E-A264-129C6679EF5D
349,-1,348,GRE,Ioanna KARKANTZIA,14148,1930,4,https://bwf.tournamentsoftware.com/player-profile/E39ECD96-DDB8-45CA-BA62-8F0D37FAFAAA
350,-1,349,ISR,Pugach ALINA,97775,1920,3,https://bwf.tournamentsoftware.com/player-profile/DB59BAA9-ECBC-4767-ACD4-1BB05FB1B6E8
351,-1,350,RSA,Annari VILJOEN,51657,1920,2,https://bwf.tournamentsoftware.com/player-profile/1BC40682-8595-4150-B631-23D6E3E8B9A8
351,-1,350,MRI,Yeldy Marie LOUISON,42677,1920,2,https://bwf.tournamentsoftware.com/player-profile/81C072A7-9250-43FA-BEC8-EE9E657C4ABA
353,-1,352,IRI,Sabereh KABIRI,54378,1880,2,https://bwf.tournamentsoftware.com/player-profile/E346DD5A-C19B-4756-A62A-A87039F34B42
354,-1,353,MAS,Chew Yen Daphne NG,53152,1870,4,https://bwf.tournamentsoftware.com/player-profile/DADDBAAB-7718-4A78-B155-8E225D50B582
354,-1,353,RUS,Evgenia DIMOVA,53676,1870,4,https://bwf.tournamentsoftware.com/player-profile/7254730E-DA78-414C-8F5D-CD446E73D52F
356,-1,355,JPN,Chiaki TAMURA,63614,1870,3,https://bwf.tournamentsoftware.com/player-profile/2D7DF914-93F7-45D8-B42D-6556C452C096
357,-1,356,ENG,Caroline WESTLEY,51672,1850,3,https://bwf.tournamentsoftware.com/player-profile/502B3AC0-795C-4F33-A994-90EB3590B7C0
358,-1,357,TPE,LIU I Chun,5499,1840,4,https://bwf.tournamentsoftware.com/player-profile/8EDC19E6-34A7-4272-9F70-16DD7590801C
359,-81,278,FRA,Elisa CHANTEUR,50097,1840,2,https://bwf.tournamentsoftware.com/player-profile/9F65C8B5-7A64-4432-8FED-04ACD22965B4
359,-1,358,JOR,Dima Issam ALARDAH,87978,1840,2,https://bwf.tournamentsoftware.com/player-profile/B60C4198-001D-480F-A83E-5953321D8F59
359,-1,358,DEN,Mia SEJR NIELSEN,53756,1840,2,https://bwf.tournamentsoftware.com/player-profile/45B1E938-AF23-4F39-BA4A-E321C51E1128
359,-46,313,EST,Getter SAAR,86222,1840,2,https://bwf.tournamentsoftware.com/player-profile/E8C78321-7D80-43A2-9591-3658C1E8274E
359,-1,358,KAZ,Vladlena KHARCHENKO,96659,1840,2,https://bwf.tournamentsoftware.com/player-profile/996F5EFA-AB58-453E-9DF4-B83120ADBEE9
359,-1,358,DEN,Sandra-Maria JENSEN,69707,1840,2,https://bwf.tournamentsoftware.com/player-profile/3A67E8CC-DC3D-4DB6-9FC1-BFF6E6CCE164
365,76,441,NGR,Grace GABRIEL,80210,1830,3,https://bwf.tournamentsoftware.com/player-profile/F4FF1AEF-4A3F-43DE-81F0-16F2D4284202
366,-4,362,FRA,Elsa DANCKERS,77016,1810,4,https://bwf.tournamentsoftware.com/player-profile/4FE58484-9E58-4A0A-A16B-A927B468F402
367,-2,365,TPE,WANG Wei Yuan,30114,1740,2,https://bwf.tournamentsoftware.com/player-profile/C6D44B86-39E4-4AF4-B5C2-6DABA50AF90E
368,-2,366,DEN,Amanda MATHIASEN,48977,1700,4,https://bwf.tournamentsoftware.com/player-profile/4BD548C6-571E-48E5-97CC-4274C2079A56
369,-2,367,BRA,Ana Paula CAMPOS,92082,1700,3,https://bwf.tournamentsoftware.com/player-profile/1AFBBCC8-1559-46BB-9C86-6084988D917A
370,-2,368,SWE,Jenny WAN,64551,1674,6,https://bwf.tournamentsoftware.com/player-profile/9097A0BE-C034-47E1-8375-0C1DC6CD3C92
371,-2,369,INA,Ayu WANDA TIKA WULANDARI,88799,1660,3,https://bwf.tournamentsoftware.com/player-profile/A3705614-A7AD-409D-8053-0053A4D0321F
372,-2,370,CZE,Lucie HAVLOVA,76266,1620,5,https://bwf.tournamentsoftware.com/player-profile/6EB58908-E24B-4C33-9326-7956E69AB81E
373,-2,371,LAO,Phetmany KEOPHIACHANH,26798,1610,2,https://bwf.tournamentsoftware.com/player-profile/E1AE8AAC-43FB-47F4-A3F8-B89816E6685E
374,-2,372,AUS,Leisha COOPER,53604,1600,2,https://bwf.tournamentsoftware.com/player-profile/E2C14E92-CEEB-44B9-B849-2D94E14F7915
375,-2,373,INA,Sesaria Nisa AFIFI,63954,1580,2,https://bwf.tournamentsoftware.com/player-profile/BA745786-86AD-4527-B0FA-45DB5764C9C0
376,-2,374,INA,Dian FITRIANI,24370,1560,2,https://bwf.tournamentsoftware.com/player-profile/2597D46B-8D8B-4231-A2AC-EF71E2316DAD
377,-2,375,RUS,Tatiana GLADUN,53683,1530,2,https://bwf.tournamentsoftware.com/player-profile/27036EFC-9A17-40C8-95DD-44077ADEFEAD
378,-2,376,NCL,Cecile SARENGAT,13297,1520,2,https://bwf.tournamentsoftware.com/player-profile/2615A0A5-6A46-4009-8546-842A46D65293
378,-2,376,PUR,Eiramly MORALES,93529,1520,2,https://bwf.tournamentsoftware.com/player-profile/81CBCA96-45DD-4D68-87D4-583981A72310
380,-2,378,AUS,Verdet KESSLER,88368,1490,2,https://bwf.tournamentsoftware.com/player-profile/723AFE42-A349-4474-92CC-957478D2074A
381,-2,379,SGP,Bo LI,31327,1470,2,https://bwf.tournamentsoftware.com/player-profile/E6B9C570-3B7C-4CB1-AB06-32B4A284787F
381,-2,379,WAL,Carissa TURNER,16062,1470,2,https://bwf.tournamentsoftware.com/player-profile/6C7F8A0A-64FC-429F-AF7A-68A5B0FBE978
381,-2,379,JPN,Miku KASHIWABARA,76096,1470,2,https://bwf.tournamentsoftware.com/player-profile/8DD47351-E371-4E68-8CFC-DFC4DAF68F64
384,-2,382,SWE,karolina KOTTE,65877,1450,3,https://bwf.tournamentsoftware.com/player-profile/6998A97F-A657-43C6-9F10-200CA91E080E
385,-2,383,ENG,Georgina BLAND,87660,1440,4,https://bwf.tournamentsoftware.com/player-profile/AE0E34DF-9DB6-4119-8004-CCF9D7527688
386,-2,384,GUA,Nikte Alejandra SOTOMAYOR,17774,1410,3,https://bwf.tournamentsoftware.com/player-profile/077216EA-6655-4DF5-8B8F-8EAB6C1C1398
386,-2,384,DOM,CABRERA OROSAMELI,90677,1410,3,https://bwf.tournamentsoftware.com/player-profile/A91A1E86-0507-44EB-861C-053F92E26E8C
388,-2,386,KOR,CHOI Min Jung,67880,1390,2,https://bwf.tournamentsoftware.com/player-profile/F05B7921-AFD6-4DF2-AFC8-A42ACD03A091
389,-2,387,SLO,Kaja STANKOVIC,65194,1370,3,https://bwf.tournamentsoftware.com/player-profile/1AD40C56-1818-444A-9DC9-FFE1B7D78EED
390,-2,388,IND,Jacqueline Rose KUNNATH,80764,1350,3,https://bwf.tournamentsoftware.com/player-profile/248C6F33-48DC-4A95-94D6-83A9A991ECFD
391,-2,389,SWE,Sofia WERNER,51894,1340,2,https://bwf.tournamentsoftware.com/player-profile/0ADE14FE-8500-480B-BF9C-BB3CD7FA2F06
392,-2,390,PER,Claudia ZORNOZA,52353,1330,3,https://bwf.tournamentsoftware.com/player-profile/D96C4CCE-867B-4E41-8A44-81A139E27170
393,-2,391,RUS,Kseniya MISHENKOVA,15889,1320,5,https://bwf.tournamentsoftware.com/player-profile/16CFD03A-6103-4A65-947B-8E13476F8EFE
394,-2,392,VIE,Thi Sen NGUYEN,79637,1310,3,https://bwf.tournamentsoftware.com/player-profile/C03EBD99-E6C7-411A-ACB8-2DA36D7E421D
394,-2,392,TPE,TAI Ching Chieh,68814,1310,3,https://bwf.tournamentsoftware.com/player-profile/986FF571-FE24-4B62-B9D6-7B15BC8E6310
396,-2,394,AUS,Louisa MA,73559,1300,2,https://bwf.tournamentsoftware.com/player-profile/8E6C7B2A-FDF4-4F07-8D2F-F40923FE388D
396,-2,394,AUS,Talia SAUNDERS,51575,1300,2,https://bwf.tournamentsoftware.com/player-profile/DA9C4E28-94BE-4E95-9003-89460D14D301
396,-2,394,AUS,Gronya SOMERVILLE,58488,1300,2,https://bwf.tournamentsoftware.com/player-profile/DC409D1C-1A6C-45FD-B357-257A67513DDA
399,-1,398,RUS,Anastasia KALINENKO,53681,1290,3,https://bwf.tournamentsoftware.com/player-profile/5F736269-7361-4608-AAB9-73D4438C7F69
400,-1,399,IRI,Aram SAJADI,88962,1280,2,https://bwf.tournamentsoftware.com/player-profile/1EE21263-6910-436E-ACB4-3D5DED2F1E84
400,-1,399,PER,Micaela RIVERO,41749,1280,2,https://bwf.tournamentsoftware.com/player-profile/FC8D4366-F016-4B24-AFE8-CE3A198990CA
400,-1,399,PAK,Sara MOHMAND,54220,1280,2,https://bwf.tournamentsoftware.com/player-profile/FF42B25E-066E-4A6E-B301-0EBE0D67500D
400,-1,399,IRL,Sinead CHAMBERS,47135,1280,2,https://bwf.tournamentsoftware.com/player-profile/1ACFD18E-C9C0-45C7-A0CF-A24EE4FAFEE5
400,-1,399,IRI,Yosra BEIGI,56262,1280,2,https://bwf.tournamentsoftware.com/player-profile/6B10EEC8-17A0-4466-8C7B-8BDF6807B4A3
405,-1,404,USA,Yee Theng LIM,53158,1270,3,https://bwf.tournamentsoftware.com/player-profile/35F7B124-F343-4AF6-A444-56B56DDECE3E
406,-1,405,UKR,Yelyzaveta ZHARKA,31614,1260,4,https://bwf.tournamentsoftware.com/player-profile/8B5561C5-A78F-404D-9C4F-5DE476BBF02E
407,0,407,DOM,VIBIECA BERONICA,68147,1170,3,https://bwf.tournamentsoftware.com/player-profile/A763DFE6-346E-4195-A00A-602E5E19978D
408,0,408,ENG,Helena DEKKER,37916,1150,6,https://bwf.tournamentsoftware.com/player-profile/25EB110A-891E-45F1-901D-B59CC8D4F34B
409,0,409,CZE,Lucie CERNA,77090,1150,4,https://bwf.tournamentsoftware.com/player-profile/F3480E58-2E9F-4A27-AA12-70CBE763F770
410,0,410,BAN,Aktar SHAPLA,89240,1140,2,https://bwf.tournamentsoftware.com/player-profile/0C4492B6-18CB-494D-B287-D11BEAF0E7D3
410,0,410,BAN,Rozina AKTER,88646,1140,2,https://bwf.tournamentsoftware.com/player-profile/E3BB8DB8-C9BE-4899-BC87-997251CA0AB8
410,0,410,TPE,YANG Hsiu Wei,86463,1140,2,https://bwf.tournamentsoftware.com/player-profile/B62B09CB-8512-45E6-AEF5-704BEEC0A7E3
410,0,410,BAN,Dulali HULDER,54782,1140,2,https://bwf.tournamentsoftware.com/player-profile/AB3375CA-2460-486F-B305-5699A8C85F58
414,1,415,BRA,Marina ELIEZER,91099,1130,3,https://bwf.tournamentsoftware.com/player-profile/F0F543C3-7E98-4797-AEC4-E792B3650077
414,1,415,GUA,Alejandra DE LEON,56312,1130,3,https://bwf.tournamentsoftware.com/player-profile/2EDB58B1-CED0-457F-BD09-5166E8104BCD
416,1,417,SGP,LIANG Xiaoyu,47646,1130,2,https://bwf.tournamentsoftware.com/player-profile/91BA11D3-D6AA-41AD-AB15-49F6103A9289
417,1,418,KOR,SHIN Seungchan,87473,1100,3,https://bwf.tournamentsoftware.com/player-profile/4C2062BD-C672-4458-87BE-0C8F89E87DC7
418,92,510,POL,Kamila AUGUSTYN,11071,1097,3,https://bwf.tournamentsoftware.com/player-profile/AFE0D629-95F1-4E74-85D3-8767BA19715E
419,0,419,DEN,Mette POULSEN,43761,1090,3,https://bwf.tournamentsoftware.com/player-profile/9CAA0586-C6C6-431F-BC80-7DB55B302FE1
420,0,420,RUS,Alina ABRAMOVICH,60070,1090,2,https://bwf.tournamentsoftware.com/player-profile/B7668607-7025-47CF-A0F5-082BD884461F
420,0,420,UKR,Mariya LYSENKO,35152,1090,2,https://bwf.tournamentsoftware.com/player-profile/9E4275C3-EA12-4388-82AC-A78772F6645A
420,0,420,DEN,Fie S. CHRISTENSEN,31526,1090,2,https://bwf.tournamentsoftware.com/player-profile/061A84C5-3EC4-4B99-B26F-F5826A7511E7
420,0,420,MAS,LIM Chiew Sien,70093,1090,2,https://bwf.tournamentsoftware.com/player-profile/B0F814EE-5C94-4C41-9400-0F4E3EA12747
420,0,420,KAZ,Ilyana FILIPCHUK,77379,1090,2,https://bwf.tournamentsoftware.com/player-profile/1508F454-7364-42BF-8BE5-1B99EE1E2B92
420,0,420,TPE,TANG Wan Yi,78755,1090,2,https://bwf.tournamentsoftware.com/player-profile/8A763413-744C-4A6A-A593-2885C0A9B572
426,0,426,POL,Natalia POCZTOWIAK,53991,1080,3,https://bwf.tournamentsoftware.com/player-profile/C079BAF3-8048-47A6-90CD-2A19DC9CC3C9
426,0,426,ITA,Ira TOMIO,53993,1080,3,https://bwf.tournamentsoftware.com/player-profile/2BE84145-94D7-4E91-ACB6-5FCC79E961E5
428,0,428,AUT,Alexandra MATHIS,57537,1060,3,https://bwf.tournamentsoftware.com/player-profile/188C526D-00AB-4C76-BA1D-9071030E106E
429,0,429,MEX,Naty RANGEL,52368,1050,2,https://bwf.tournamentsoftware.com/player-profile/CDAC4B89-AAE9-47DE-BD29-839359546810
429,0,429,MEX,Haramara GAITAN,85514,1050,2,https://bwf.tournamentsoftware.com/player-profile/242E2FD7-1F50-4646-9925-71B3AC4EB68C
429,0,429,TPE,TSENG Yu Ling,58360,1050,2,https://bwf.tournamentsoftware.com/player-profile/3231EEEF-D074-47EF-9D20-5A6788466CAF
432,0,432,DEN,Ditte STRUNGE LARSEN,73916,1040,3,https://bwf.tournamentsoftware.com/player-profile/EC7FFDDE-1992-432E-966E-5AC2FD8F82BF
433,0,433,POL,Agata SWIST,43578,1020,2,https://bwf.tournamentsoftware.com/player-profile/78738903-70E2-41B0-89DA-CFAA13473774
433,0,433,RUS,Ekaterina MALKOVA,81907,1020,2,https://bwf.tournamentsoftware.com/player-profile/B1FAEDA3-B4C3-4476-AA91-200A5A06D5AF
435,1,436,CAN,Suneeta KHARE,56946,1010,2,https://bwf.tournamentsoftware.com/player-profile/3E026287-95F7-4234-B333-413C5B8F05BC
436,1,437,CYP,Stella KNEKNA,55339,992,3,https://bwf.tournamentsoftware.com/player-profile/590A6B4C-1BBF-4ADB-AA38-3271C530EC9D
437,1,438,SWE,Ellinor WIDH,83379,960,2,https://bwf.tournamentsoftware.com/player-profile/0E1AA48A-5AD7-4C89-86CB-F9995F93F249
438,1,439,ESP,Laura SAMANIEGO,87111,930,3,https://bwf.tournamentsoftware.com/player-profile/FD58CCF6-2B63-48A2-8BF1-8D912FF67C4E
439,1,440,SVK,Jana CIZNAROVA,91157,920,2,https://bwf.tournamentsoftware.com/player-profile/5DFBC353-E74D-4738-BBC2-AD07D1B5BFE5
440,1,441,NGR,Susan IDEH,51684,910,2,https://bwf.tournamentsoftware.com/player-profile/C6A3BE1D-3617-45E2-AE6C-2DCDAE87A958
440,1,441,EGY,Dina NAGY,82371,910,2,https://bwf.tournamentsoftware.com/player-profile/9BF4049F-711D-4F28-BFF6-2F187C790EFC
440,1,441,NGR,Braimoh MARIA,19954,910,2,https://bwf.tournamentsoftware.com/player-profile/09AB1ED4-05AA-4BBE-96A0-235792692F74
440,1,441,JOR,Kaled Alkhalife RAZAN,53498,910,2,https://bwf.tournamentsoftware.com/player-profile/79EF7F18-8883-4AE6-9310-FC61E40AF62E
440,1,441,JOR,Dana ALIWAT,57908,910,2,https://bwf.tournamentsoftware.com/player-profile/5E35A115-512D-46C2-9F62-DF4CEF084961
440,1,441,ENG,Lusia ANINDITA,94207,910,2,https://bwf.tournamentsoftware.com/player-profile/9671AF9A-025D-4E95-8D8F-DE75896C0C6A
446,2,448,VEN,Johanny QUINTERO,61036,900,3,https://bwf.tournamentsoftware.com/player-profile/30A964E0-079E-4E31-A602-01964509161B
446,2,448,VEN,Leidy TOVAR,61409,900,3,https://bwf.tournamentsoftware.com/player-profile/2A2B0ED2-04F7-40E6-912A-76FA0EBB02D2
448,2,450,ESP,Manuela DIAZ,27758,890,3,https://bwf.tournamentsoftware.com/player-profile/51B557C4-7148-4243-A959-56A62D538E63
449,2,451,LTU,Kristina DOVYDAITYTE,13484,860,3,https://bwf.tournamentsoftware.com/player-profile/52B351DA-E69D-4065-B7DA-33D0D170D2D2
450,2,452,CHN,GENG Jian,86355,860,2,https://bwf.tournamentsoftware.com/player-profile/84C722B2-6BD5-4764-9ECE-9A6B35227BFD
451,2,453,GER,Inken WIENEFELD,64126,850,3,https://bwf.tournamentsoftware.com/player-profile/0D91E0F0-B22B-4C43-B0C3-F92272710A4E
452,2,454,CZE,Katerina TOMALOVA,81794,830,4,https://bwf.tournamentsoftware.com/player-profile/B3B2087C-D852-4938-A9B7-3B5C9B3682D2
453,453,0,NED,Lisa MALAIHOLLO,52798,820,2,https://bwf.tournamentsoftware.com/player-profile/8CFB4F6F-467E-438D-B0FF-E352E790C115
453,2,455,KOR,PARK So Young,72316,820,2,https://bwf.tournamentsoftware.com/player-profile/FBC6CD76-40FD-4E1F-9C90-7A70ADDFC997
455,1,456,INA,Jesica MULJATI,93338,810,4,https://bwf.tournamentsoftware.com/player-profile/C9B9B686-B036-475E-9CC9-16B3361628BA
456,1,457,LTU,Gerda VOITECHOVSKAJA,53814,790,3,https://bwf.tournamentsoftware.com/player-profile/74527CE0-B793-40EF-8F67-82F7AA5E9C0B
457,1,458,POL,Aneta WOJTKOWSKA,67908,770,3,https://bwf.tournamentsoftware.com/player-profile/F1EAEA67-10C2-4159-8248-A90BA9A66A6E
458,1,459,ISL,Snjolaug JOHANNSDOTTIR,53109,770,2,https://bwf.tournamentsoftware.com/player-profile/0DDF85AA-69ED-452A-9848-3BD30CA0F1BC
459,2,461,CAN,Sun YANG,99340,750,2,https://bwf.tournamentsoftware.com/player-profile/2343554C-1D5A-4321-8400-1F404B5F7849
460,2,462,ENG,Hayley Rogers,38336,740,3,https://bwf.tournamentsoftware.com/player-profile/4024496D-F5AF-4C33-84A0-4579E41DF207
461,2,463,BLR,Anastasiya CHERNIAVSKAYA,94400,720,4,https://bwf.tournamentsoftware.com/player-profile/13CA8C78-6969-473C-BF8F-6A9B9622A7F9
462,2,464,GRE,theodora LIGOMENOU,55083,720,2,https://bwf.tournamentsoftware.com/player-profile/8AB8374B-8113-42F4-9C90-2ED8BC2AD6E8
462,2,464,MAS,Nurul Hedayu ZAINUDIN,94222,720,2,https://bwf.tournamentsoftware.com/player-profile/FCB8772F-AF44-46D9-9CBF-2C746A7BB959
464,2,466,BEL,Marie DEMY,82229,700,3,https://bwf.tournamentsoftware.com/player-profile/6D16ED6A-9BF8-46CF-852E-E343AA21367E
465,2,467,MAC,MAK Ka Lei,51517,690,3,https://bwf.tournamentsoftware.com/player-profile/DDE94B9A-519C-4BC5-BAAB-511B5178A7C7
466,2,468,GUA,Maria Regina DEL VALLE,38664,660,3,https://bwf.tournamentsoftware.com/player-profile/931B541B-8C41-445E-934D-717F8935BDB8
466,2,468,AUT,Sarina KOHLFURST,97511,660,3,https://bwf.tournamentsoftware.com/player-profile/99141378-A6F3-430D-8789-8976E32CE9E7
468,2,470,SUI,Ayla HUSER,92691,650,2,https://bwf.tournamentsoftware.com/player-profile/094E3D5A-2702-47D5-B5A5-828D38DF367B
469,4,473,CRO,Petra PETRANOVIC,54430,620,3,https://bwf.tournamentsoftware.com/player-profile/5EE72795-F62F-4C7E-8C68-FD8920291FFD
470,4,474,LAT,Aija POPE,55740,620,2,https://bwf.tournamentsoftware.com/player-profile/520EADD0-E4A4-4509-A72E-E3E3FD1B371F
471,4,475,BLR,Viktoryia VARABYOVA,83364,601,4,https://bwf.tournamentsoftware.com/player-profile/B98D5D6A-7B9D-4999-876F-BEF0F3DB806F
472,4,476,AUT,Nina ALMER,72787,600,4,https://bwf.tournamentsoftware.com/player-profile/7EB7EB36-EC0D-4344-BAF2-408D363C1EF9
473,4,477,FRA,Laura TYBERGHEIN,73568,600,2,https://bwf.tournamentsoftware.com/player-profile/B726C663-C3AA-424A-86EB-3ADF8F67A089
474,4,478,AUS,Jacinta JOE,68997,590,2,https://bwf.tournamentsoftware.com/player-profile/18583BF2-2B81-4B69-BD6A-E7EDF70F3077
475,4,479,POL,Anna NAREL,45656,570,2,https://bwf.tournamentsoftware.com/player-profile/3AA76D2E-6A99-4F8F-9762-CE87059E55A9
475,4,479,ESP,Laura MOLINA,15000,570,2,https://bwf.tournamentsoftware.com/player-profile/EC8505C1-36EE-442F-8079-B0A1892301FD
475,4,479,GRL,Kongstad MILLE,73391,570,2,https://bwf.tournamentsoftware.com/player-profile/B3831C47-69FE-45C9-AD80-29B91FC9770C
475,4,479,DOM,Licelott SANCHEZ,39137,570,2,https://bwf.tournamentsoftware.com/player-profile/9029B10F-B057-4E18-8288-4229231D1194
475,4,479,ENG,Emily WESTWOOD,94149,570,2,https://bwf.tournamentsoftware.com/player-profile/7519D513-75AC-4672-9E8B-1E0CD51D6189
475,4,479,JOR,Mazahreh LEINA FEHMI,96444,570,2,https://bwf.tournamentsoftware.com/player-profile/4E997034-684E-407C-8D58-64FE6B04A30E
475,4,479,SYR,Rola MATAR,53291,570,2,https://bwf.tournamentsoftware.com/player-profile/79B2DEFC-35FD-48DA-83EF-A26B1E8E3941
482,4,486,AUT,Nathalie ZIESIG,61360,560,3,https://bwf.tournamentsoftware.com/player-profile/0162B180-9B8D-43F5-B5BB-025F2CA96F61
483,4,487,GER,Mona REICH,53219,540,2,https://bwf.tournamentsoftware.com/player-profile/FCE3D0AF-A06F-4CB5-B4AB-B085F992F060
483,4,487,AUS,Natasha SHARP,72587,540,2,https://bwf.tournamentsoftware.com/player-profile/CE63A195-EB4B-47F5-A8FB-5D55F8029D04
483,4,487,AUS,Vinning MAK,64522,540,2,https://bwf.tournamentsoftware.com/player-profile/52BBBF7F-C4D8-463A-B01F-EB04317012D4
486,4,490,HUN,Anna ADAM,99523,530,3,https://bwf.tournamentsoftware.com/player-profile/CE765954-D19A-4397-BA28-B189544687F9
487,4,491,ESP,Yoana MARTINEZ,10904,530,2,https://bwf.tournamentsoftware.com/player-profile/74503169-DF64-4E8C-B596-CE11543B8555
488,4,492,ISL,Rakel JOHANNESDOTTIR,71229,520,2,https://bwf.tournamentsoftware.com/player-profile/6D4E7D07-D94F-40DC-B8EC-DD3EDF59211D
489,4,493,SVK,Veronika JARIABKOVA,88580,490,3,https://bwf.tournamentsoftware.com/player-profile/CEC6EF46-77CD-43B7-B44A-C39991231DCD
490,4,494,NZL,Amanda BROWN,35999,490,2,https://bwf.tournamentsoftware.com/player-profile/547DF74D-B19C-42D4-AD82-211211CB93A9
490,4,494,NZL,Anna RANKIN,38708,490,2,https://bwf.tournamentsoftware.com/player-profile/BC6D9B3F-0FE0-430F-B64A-EFA32B2A4991
492,4,496,ENG,Laura MERCER,60160,460,2,https://bwf.tournamentsoftware.com/player-profile/6887DDA9-C81B-487B-B600-125D58FDCD37
493,493,0,SUI,Nicole ANKLI,73669,430,2,https://bwf.tournamentsoftware.com/player-profile/2A70013D-D5D0-4BF3-BBA2-C1BECE986928
494,3,497,GER,Alina HAMMES,81426,400,3,https://bwf.tournamentsoftware.com/player-profile/3CCFE8E1-9529-456F-837F-95C6CAEDF67C
495,-98,397,FIN,Karoliina LATOLA,24077,370,3,https://bwf.tournamentsoftware.com/player-profile/78054B32-9C99-4421-8309-DD72DE25DFC8
496,2,498,TUR,Busenur KORKMAZ,60499,340,2,https://bwf.tournamentsoftware.com/player-profile/90813AE4-82A7-4724-A9D9-FA19EA1B955D
496,496,0,GER,Fabienne WACHENFELD,71977,340,2,https://bwf.tournamentsoftware.com/player-profile/06FCD432-AE49-4690-85AA-36FFD963BA0C
498,-92,406,FIN,Airi MIKKELA,55770,310,2,https://bwf.tournamentsoftware.com/player-profile/14AFA42C-EAB9-46AE-A1E4-81C3E20C6421
498,1,499,HUN,Sara FEKETE,22037,310,2,https://bwf.tournamentsoftware.com/player-profile/052BBE28-CE76-4081-81D0-431AF123C853
500,0,500,BEL,Angela CASTILLO,57501,300,2,https://bwf.tournamentsoftware.com/player-profile/B2CD47A3-47CD-4333-B8B2-2299C3DAA2F4
500,0,500,GUA,Pamela SARAVIA,10583,300,2,https://bwf.tournamentsoftware.com/player-profile/A1E654E7-F996-4336-A18D-20A303CDAA25
502,0,502,RUS,Olga FOMINA,77806,270,2,https://bwf.tournamentsoftware.com/player-profile/F083AC70-74C4-445F-8A82-70A1E82E70BB
502,0,502,ENG,Josie LATIMER,65507,270,2,https://bwf.tournamentsoftware.com/player-profile/C920B036-0A62-4B0F-B722-94264A7EBDD7
502,0,502,MRI,Nicki CHAN-LAM,73055,270,2,https://bwf.tournamentsoftware.com/player-profile/9223731D-4B7B-4882-836E-BCB4D95927F7
505,0,505,CAN,Leah INGLIS,78592,220,2,https://bwf.tournamentsoftware.com/player-profile/A2D56B99-662E-4B1B-B35A-B5728E1F1D8A
506,0,506,SGP,TAN Wei Han,59237,210,2,https://bwf.tournamentsoftware.com/player-profile/86ADEA06-D96A-4868-80BB-74418A0A3A74
506,0,506,INA,Ila Alvionita Sari PUTRI PURNAMA,69836,210,2,https://bwf.tournamentsoftware.com/player-profile/1AF778F0-8B29-47BF-8DCA-0284037B0D64
508,0,508,SLO,Urska POLC,58442,200,2,https://bwf.tournamentsoftware.com/player-profile/72601241-0722-474C-8F00-BA02D004F2A7
508,-48,460,FIN,Jenny NYSTROM,64110,200,2,https://bwf.tournamentsoftware.com/player-profile/D569F73C-FD6F-4006-A5EF-3A5B37F8E5DC
508,0,508,GER,Kathrin HOFFMANN,14933,200,2,https://bwf.tournamentsoftware.com/player-profile/BDEDD2B4-0B72-4AA6-A1D0-E33BA578BE0A
511,0,511,LTU,Ieva LINKUTE,85383,170,2,https://bwf.tournamentsoftware.com/player-profile/921DFF47-3861-42E8-A32C-749230BA0F29
512,0,512,VIE,Nhut Huynh DUONG,46839,120,2,https://bwf.tournamentsoftware.com/player-profile/49B992BB-9466-4589-853F-14F8AAD722D8
512,0,512,VIE,TON Nu Khai Thu,42442,120,2,https://bwf.tournamentsoftware.com/player-profile/669E6F04-7093-4DAB-9FAC-8DFA0B6DC91F
